// Hoe text model file	2.00
// Gejza'x	
// "BabaJaga_exp.max" - Fri Sep 29 22:51:33 2006

// Mat: Standard
Material _01_-_Default
	Diffuse = { 0.588235, 0.588235, 0.588235}
	Ambient = { 0.588235, 0.588235, 0.588235}
	Specular = { 0.900000, 0.900000, 0.900000}
~Material

Stream s_BabaJaga[xyz|normal|tex2]
	3.208551, -76.558884, 184.473358;	0.711887, 0.683506, -0.161357;	 0.006521, 0.173322
	5.551697, -82.215729, 184.473358;	0.912405, -0.345765, -0.219006;	 0.006521, 0.164914
	23.240952, -84.137245, 306.466644;	0.989475, -0.045491, -0.137367;	 0.581037, 0.162058
	-1.458447, -49.578060, 306.466644;	0.088531, 0.981918, -0.167331;	 0.581037, 0.213426
	-8.105156, -87.872589, 184.473358;	-0.384542, -0.889394, -0.247197;	 0.585335, 0.138463
	-10.448303, -82.215729, 184.473358;	-0.981473, -0.003547, -0.191566;	 0.586380, 0.146865
	-34.265465, -80.498207, 306.466644;	-0.985914, 0.020291, -0.166017;	 0.012623, 0.156525
	-1.458441, -113.546913, 306.466644;	0.044169, -0.984174, -0.171612;	 0.006521, 0.107440
	-1.458441, -113.546913, 306.466644;	0.044169, -0.984174, -0.171612;	 0.580806, 0.009337
	23.240952, -84.137245, 306.466644;	0.989475, -0.045491, -0.137367;	 0.594245, 0.045804
	5.551697, -82.215729, 184.473358;	0.912405, -0.345765, -0.219006;	 0.013952, 0.040636
	-8.105156, -87.872589, 184.473358;	-0.384542, -0.889394, -0.247197;	 0.006521, 0.020473
	-8.105158, -76.558884, 184.473358;	-0.694026, 0.695157, -0.187309;	 0.587424, 0.155267
	3.208551, -76.558884, 184.473358;	0.711887, 0.683506, -0.161357;	 0.587514, 0.099886
	-1.458447, -49.578060, 306.466644;	0.088531, 0.981918, -0.167331;	 0.012578, 0.100063
	-2.448304, -74.215729, 184.473358;	-0.002044, 0.980211, -0.197946;	 0.586470, 0.091484
	-8.105158, -76.558884, 184.473358;	-0.694026, 0.695157, -0.187309;	 0.585425, 0.083082
	-34.265465, -80.498207, 306.466644;	-0.985914, 0.020291, -0.166017;	 0.006521, 0.051337
	-49.449173, -26.629972, 1.612729;	-0.686309, 0.366812, 0.628036;	 0.209101, 0.696105
	-23.584465, 8.830781, 2.794301;	-0.384336, 0.711986, 0.587675;	 0.173354, 0.649955
	-45.896568, -70.820724, 43.164360;	-0.622962, 0.499634, 0.601901;	 0.284913, 0.684533
	-24.222219, -22.309658, -29.103479;	-0.326672, -0.658408, -0.678073;	 0.513079, 0.984673
	-2.447791, -105.251907, -4.842060;	0.002070, -0.369479, -0.929237;	 0.544395, 0.871633
	-2.447947, -23.456659, -35.460529;	-0.030849, -0.593724, -0.804077;	 0.540545, 0.984214
	-23.074436, 48.610142, -36.471844;	-0.880084, -0.162837, 0.446022;	 0.897976, 0.175942
	-29.581310, 79.043007, -55.350269;	-0.535985, 0.588737, 0.605069;	 0.868141, 0.115929
	-2.447980, 22.980804, 18.440969;	0.000819, -0.472169, 0.881508;	 0.993460, 0.232118
	-26.496183, 16.381248, -66.703575;	-0.757013, -0.619837, -0.206723;	 0.904385, 0.651143
	-2.447735, 6.858941, -74.108017;	-0.114770, -0.988392, -0.099548;	 0.840618, 0.682771
	-8.081264, 37.636700, -94.644890;	-0.511530, -0.336665, -0.790565;	 0.846326, 0.602073
	-2.447791, -105.251907, -4.842060;	0.511530, -0.336665, -0.790565;	 0.213713, 0.909121
	12.606680, -154.118896, 155.441147;	-0.511530, -0.336665, -0.790565;	 0.012637, 0.880153
	34.276749, -97.587524, 8.235121;	0.511530, -0.336665, -0.790565;	 0.198978, 0.857901
	34.276749, -97.587524, 8.235121;	0.062752, -0.342929, -0.937263;	 0.590268, 0.884072
	29.066502, -22.525921, -24.025057;	0.431935, -0.661522, -0.613042;	 0.580176, 0.987117
	48.313145, -3.389218, -16.767830;	0.675503, -0.643172, -0.360591;	 0.237272, 0.467027
	22.812267, -34.653988, -41.663052;	-0.874931, 0.470078, 0.116284;	 0.190966, 0.445413
	41.573051, -6.325725, -34.974007;	-0.706211, -0.690554, 0.156205;	 0.227611, 0.443927
	44.876259, 0.259844, -10.349432;	0.677841, 0.731146, -0.077182;	 0.303058, 0.702542
	30.438160, -14.268931, -39.472443;	0.601312, -0.636103, -0.483526;	 0.304723, 0.657753
	51.430260, -21.845442, 4.973907;	-0.031119, -0.541933, -0.839845;	 0.336370, 0.709322
	45.357353, 20.163549, -50.334324;	0.495629, 0.247422, -0.832547;	 0.165911, 0.736155
	40.607121, 5.574286, -48.998516;	0.856473, -0.496627, -0.140766;	 0.185129, 0.733891
	22.812267, -34.653988, -41.663052;	-0.874931, 0.470078, 0.116284;	 0.240544, 0.733550
	29.198792, 49.986275, -50.052658;	0.918562, -0.071365, 0.388782;	 0.725858, 0.072956
	28.060064, 44.276527, -80.273796;	0.832326, -0.293391, -0.470272;	 0.781347, 0.077071
	21.600643, 16.062263, -66.480049;	0.785257, -0.596128, -0.167339;	 0.762461, 0.132989
	7.981660, 52.487949, -19.903027;	0.293308, 0.737355, 0.608505;	 0.673410, 0.250621
	-2.447936, 50.773899, -8.587934;	0.000334, 0.721204, 0.692723;	 0.650155, 0.240095
	-4.557509, 92.170143, -59.317135;	-0.037774, 0.924338, 0.379700;	 0.727267, 0.206361
	19.145884, 86.466499, -63.966610;	0.423893, 0.861871, 0.278376;	 0.747610, 0.242842
	32.134037, 75.385780, -71.815231;	0.929430, 0.363555, -0.063153;	 0.759649, 0.020578
	48.775234, -10.845291, 19.658798;	0.616854, 0.617225, 0.488389;	 0.074226, 0.422097
	41.000675, -54.762119, 51.710556;	0.617553, 0.368263, 0.694990;	 0.070889, 0.483418
	11.960770, -40.546116, 50.157326;	0.135170, 0.541624, 0.829682;	 0.032480, 0.468590
	18.178707, 48.309544, -36.337734;	0.870841, -0.101420, 0.480989;	 0.701568, 0.079091
	11.834183, 33.638554, -21.043383;	0.667540, -0.738008, 0.098661;	 0.677156, 0.109940
	24.685650, 78.676308, -55.217876;	0.538534, 0.587864, 0.603653;	 0.729143, 0.018027
	-45.896568, -70.820724, 43.164360;	-0.538534, 0.587864, 0.603653;	 0.442010, 0.759868
	-17.294308, -52.915928, 59.197380;	0.538534, 0.587864, 0.603653;	 0.423240, 0.800099
	-29.869781, -77.388763, 155.811432;	-0.538534, 0.587864, 0.603653;	 0.300998, 0.788008
	-57.542305, -96.937805, 151.360001;	0.538534, 0.587863, 0.603654;	 0.305235, 0.749682
	49.391689, -117.640388, 162.066452;	-0.538534, 0.587863, 0.603654;	 0.236057, 0.960166
	53.528843, -94.507385, 164.095856;	0.538534, 0.587863, 0.603654;	 0.244573, 0.929567
	57.361061, -83.672897, 24.261692;	-0.538534, 0.587863, 0.603654;	 0.413080, 0.987681
	-37.029613, 75.753822, -71.948029;	-0.946256, 0.319357, -0.051096;	 0.837753, 0.119723
	-34.094448, 50.335793, -50.194283;	-0.918583, -0.071562, 0.388696;	 0.873467, 0.170712
	-32.955555, 44.655037, -80.420776;	-0.816516, -0.316176, -0.483047;	 0.818170, 0.177040
	28.468462, 74.604164, -86.403152;	0.741156, 0.357330, -0.568333;	 0.800214, 0.522958
	-2.447710, 68.371956, -97.557686;	0.000188, -0.372932, -0.927859;	 0.782774, 0.602864
	6.804653, 57.955303, -96.147209;	0.368967, 0.023955, -0.929134;	 0.753624, 0.578951
	-36.187801, 14.935141, -50.916744;	-0.017977, 0.017663, -0.999682;	 0.073361, 0.352995
	-47.125034, 24.393530, -49.606037;	-0.424506, 0.833165, -0.354443;	 0.090090, 0.361081
	-15.520021, -26.009544, -74.764305;	0.750569, 0.574001, -0.327367;	 0.008717, 0.361632
	-11.562998, 9.585976, -63.514385;	-0.124139, -0.395563, -0.910011;	 0.306550, 0.354691
	-23.693100, 16.855721, -62.048557;	-0.483793, -0.095404, -0.869967;	 0.290181, 0.362643
	-36.187801, 14.935141, -50.916744;	-0.017977, 0.017663, -0.999682;	 0.271117, 0.352455
	-29.420862, -29.231712, -59.655861;	-0.417646, -0.666565, 0.617464;	 0.061929, 0.392718
	-45.631390, -5.518014, -53.949154;	-0.804508, -0.582867, -0.114162;	 0.097360, 0.381469
	-30.706886, -13.269938, -48.242756;	-0.844673, -0.522224, -0.117513;	 0.085202, 0.402002
	-62.070595, 14.015599, -33.114368;	-0.917396, 0.349718, 0.189949;	 0.142580, 0.713552
	-39.038364, 8.725101, -10.786719;	-0.474974, 0.735779, 0.482731;	 0.163818, 0.676028
	-57.764324, -2.242306, -27.588608;	-0.932097, -0.312132, 0.183761;	 0.162768, 0.713712
	36.722706, -14.817089, -24.131662;	0.962169, -0.268069, -0.048684;	 0.377170, 0.620658
	48.964622, -8.143107, -35.043297;	0.919329, -0.390603, -0.047575;	 0.392615, 0.629804
	37.837166, -36.127712, -27.085396;	0.562751, -0.503469, 0.655615;	 0.355408, 0.637915
	48.775234, -10.845291, 19.658798;	0.616854, 0.617225, 0.488389;	 0.487383, 0.656864
	11.960770, -40.546116, 50.157326;	0.135170, 0.541624, 0.829682;	 0.435523, 0.623383
	32.834019, 13.935565, -10.578506;	0.332840, 0.735269, 0.590421;	 0.516422, 0.622100
	-46.707367, -39.222820, -12.648651;	0.133676, -0.779622, -0.611818;	 0.535820, 0.852612
	-60.097736, -85.330551, 10.465948;	-0.714422, -0.120989, -0.689176;	 0.470881, 0.855026
	-42.794384, -22.056820, -16.526953;	0.417491, -0.676295, -0.606900;	 0.557149, 0.845995
	-59.373726, -119.590836, 149.623978;	-0.417491, -0.676294, -0.606900;	 0.280212, 0.773261
	-60.097736, -85.330551, 10.465948;	0.417491, -0.676294, -0.606900;	 0.105608, 0.823490
	-60.297314, -72.573349, 31.180012;	-0.417491, -0.676294, -0.606900;	 0.120839, 0.794413
	-39.172421, -97.644730, 8.260481;	0.417491, -0.676294, -0.606900;	 0.195490, 0.958993
	-59.373726, -119.590836, 149.623978;	-0.417491, -0.676294, -0.606900;	 0.016573, 0.979525
	-24.668850, -147.051849, 151.698944;	0.417491, -0.676294, -0.606900;	 0.015594, 0.931651
	-11.562998, 9.585976, -63.514385;	-0.124139, -0.395563, -0.910011;	 0.081650, 0.522070
	-33.030735, -15.406352, -38.338921;	-0.315776, -0.690384, -0.650888;	 0.114216, 0.550205
	-2.447947, -23.456659, -35.460529;	-0.030849, -0.593724, -0.804077;	 0.078338, 0.569142
	-22.962952, 14.114525, -63.767757;	-0.227796, -0.799446, 0.555873;	 0.747217, 0.482770
	-2.447768, 21.453316, -65.629150;	0.046447, -0.997988, -0.043167;	 0.686640, 0.489165
	-2.447735, 6.858941, -74.108017;	-0.114770, -0.988392, -0.099548;	 0.695940, 0.452435
	-2.447899, 35.509892, -19.951525;	0.113176, -0.971746, -0.207125;	 0.799695, 0.388708
	11.596123, 34.952946, -39.971611;	0.572538, -0.592513, 0.566682;	 0.838995, 0.440452
	-16.491817, 35.271946, -40.195091;	-0.576359, -0.613733, 0.539576;	 0.760395, 0.441030
	-16.491817, 35.271946, -40.195091;	-0.576359, -0.613733, 0.539576;	 0.889415, 0.200512
	-15.520021, -26.009544, -74.764305;	0.750569, 0.574001, -0.327367;	 0.498229, 0.592807
	-42.320347, -11.139171, -36.704887;	-0.340389, -0.914473, -0.218803;	 0.541126, 0.561697
	-31.592258, 2.276556, -46.215061;	0.689428, 0.277775, 0.668977;	 0.548064, 0.583039
	-39.850800, -17.214809, -28.060007;	-0.676436, -0.622832, -0.393084;	 0.021942, 0.766476
	-49.772015, 0.519229, -10.640076;	-0.555768, 0.763660, -0.328551;	 0.030530, 0.733550
	-46.707367, -39.222820, -12.648651;	0.133676, -0.779622, -0.611818;	 0.052254, 0.782944
	28.060064, 44.276527, -80.273796;	0.832326, -0.293391, -0.470272;	 0.715346, 0.524013
	14.734591, 55.676006, -93.832191;	0.441374, -0.110448, -0.890500;	 0.747246, 0.558455
	7.091007, 8.470085, -73.080360;	0.338100, -0.892622, -0.298184;	 0.615147, 0.578210
	21.600643, 16.062263, -66.480049;	0.785257, -0.596128, -0.167339;	 0.636392, 0.540709
	10.653975, -68.027031, -48.472713;	-0.062497, -0.430842, 0.900260;	 0.148155, 0.448585
	1.736408, -69.017555, -61.531849;	-0.928250, 0.371653, -0.015038;	 0.142580, 0.431607
	14.000288, -50.608990, -37.465332;	-0.705305, -0.017341, 0.708692;	 0.172994, 0.456826
	48.964622, -8.143107, -35.043297;	0.919329, -0.390603, -0.047575;	 0.349097, 0.578902
	13.652422, -67.855034, -52.281292;	0.878105, -0.478024, -0.020593;	 0.427291, 0.574512
	37.837166, -36.127712, -27.085396;	0.562751, -0.503469, 0.655615;	 0.381142, 0.598352
	-3.549690, -65.662163, -95.699570;	0.994862, 0.081676, -0.059822;	 0.379792, 0.543091
	-10.806261, -60.481682, -83.057426;	0.022270, -0.425474, 0.904696;	 0.396883, 0.532849
	-9.430326, -43.795799, -72.226570;	0.789205, -0.131743, 0.599833;	 0.420840, 0.541110
	-13.835239, -59.765404, -86.784782;	-0.949282, -0.312888, 0.031069;	 0.442686, 0.688407
	-45.631390, -5.518014, -53.949154;	-0.804508, -0.582867, -0.114162;	 0.522533, 0.685703
	-29.420862, -29.231712, -59.655861;	-0.417646, -0.666565, 0.617464;	 0.493556, 0.696878
	22.451202, -20.644464, -40.115078;	0.256206, -0.791953, -0.554229;	 0.046871, 0.571897
	37.898491, -22.446270, -16.526953;	0.694394, -0.415414, -0.587579;	 0.325964, 0.681968
	-23.693100, 16.855721, -62.048557;	-0.483793, -0.095404, -0.869967;	 0.119630, 0.669166
	-22.899141, 31.765844, -47.250420;	-0.369704, 0.928388, -0.037598;	 0.119871, 0.698119
	-47.125034, 24.393530, -49.606037;	-0.424506, 0.833165, -0.354443;	 0.089288, 0.687677
	-47.125034, 24.393530, -49.606037;	-0.424506, 0.833165, -0.354443;	 0.255513, 0.362576
	-33.363956, 74.968880, -86.535141;	-0.746508, 0.326087, -0.579994;	 0.801234, 0.682771
	-32.955555, 44.655037, -80.420776;	-0.816516, -0.316176, -0.483047;	 0.716405, 0.681716
	-19.630026, 56.051281, -93.969444;	-0.443976, -0.109768, -0.889290;	 0.748296, 0.647274
	-26.496183, 16.381248, -66.703575;	-0.757013, -0.619837, -0.206723;	 0.637285, 0.665021
	45.357353, 20.163549, -50.334324;	0.495629, 0.247422, -0.832547;	 0.008717, 0.522759
	42.802547, 31.530706, -41.373672;	0.256308, 0.965966, 0.034864;	 0.009138, 0.506719
	6.882882, 20.604286, -64.127693;	0.090858, -0.978374, 0.185822;	 0.056187, 0.512032
	18.003483, 31.446905, -47.026894;	0.324743, 0.941813, -0.086774;	 0.058944, 0.694488
	42.802547, 31.530706, -41.373672;	0.256308, 0.965966, 0.034864;	 0.032157, 0.713712
	55.350033, 19.072666, -27.627237;	0.817407, 0.434504, 0.378223;	 0.008717, 0.713047
	-2.447788, 34.006382, -36.036598;	-0.102514, 0.989225, -0.104519;	 0.066822, 0.663691
	41.342121, -74.807465, 164.045914;	0.102514, 0.989225, -0.104519;	 0.253904, 0.904424
	41.000675, -54.762119, 51.710556;	-0.102514, 0.989225, -0.104519;	 0.394611, 0.936620
	41.000675, -54.762119, 51.710556;	0.617553, 0.368263, 0.694990;	 0.394611, 0.936620
	48.775234, -10.845291, 19.658798;	0.616854, 0.617225, 0.488389;	 0.452736, 0.897005
	57.361061, -83.672897, 24.261692;	0.999477, 0.006852, -0.031612;	 0.413080, 0.987681
	-22.078793, 70.968117, -99.912804;	-0.520509, -0.322688, -0.790533;	 0.780181, 0.153146
	6.990416, 75.397133, -100.215500;	0.091170, 0.487369, -0.868424;	 0.796796, 0.201104
	-23.206240, 88.806740, -75.389854;	-0.376919, 0.893743, -0.243218;	 0.741711, 0.165897
	-33.517586, 80.415047, -62.334232;	-0.782712, 0.557116, 0.277459;	 0.855736, 0.112338
	-2.447885, 27.631535, -18.519670;	-0.042342, 0.893572, 0.446918;	 0.050914, 0.646969
	-39.038364, 8.725101, -10.786719;	-0.474974, 0.735779, 0.482731;	 0.075842, 0.603258
	-62.070595, 14.015599, -33.114368;	-0.917396, 0.349718, 0.189949;	 0.116229, 0.601706
	32.834019, 13.935565, -10.578506;	0.332840, 0.735269, 0.590421;	 0.012896, 0.674417
	-2.438037, -1.075226, 23.317099;	0.007579, 0.701541, 0.712589;	 0.012913, 0.607039
	-4.208058, -88.594765, -65.670029;	-0.010761, 0.744935, -0.667050;	 0.681653, 0.873553
	1.736408, -69.017555, -61.531849;	-0.928250, 0.371653, -0.015038;	 0.616237, 0.897188
	-3.191832, -90.906013, -52.233814;	-0.998783, 0.047981, 0.011428;	 0.658801, 0.840294
	55.332405, 18.695440, -41.557842;	0.904656, 0.205859, -0.373122;	 0.318043, 0.561747
	9.173414, -66.983528, -60.519299;	0.721451, 0.014306, -0.692318;	 0.428585, 0.563190
	-4.987725, -85.257072, -82.549522;	0.970291, -0.234995, 0.057556;	 0.717153, 0.918965
	-3.549690, -65.662163, -95.699570;	0.994862, 0.081676, -0.059822;	 0.672375, 0.974276
	-3.886362, -85.611458, -96.103386;	0.207017, 0.459892, -0.863507;	 0.668084, 0.919453
	-57.890923, 18.491034, -46.170605;	-0.795427, 0.483754, -0.365072;	 0.553243, 0.676701
	-9.918179, -61.132847, -95.127159;	-0.705231, 0.171460, -0.687932;	 0.435523, 0.679791
	3.185839, 37.244671, -94.491570;	0.551436, -0.295746, -0.780034;	 0.909054, 0.593519
	7.091007, 8.470085, -73.080360;	0.338100, -0.892622, -0.298184;	 0.813583, 0.563188
	14.734591, 55.676006, -93.832191;	0.441374, -0.110448, -0.890500;	 0.959453, 0.561953
	-26.496183, 16.381248, -66.703575;	-0.757013, -0.619837, -0.206723;	 0.751134, 0.399185
	-8.081264, 37.636700, -94.644890;	-0.511530, -0.336665, -0.790565;	 0.649869, 0.441030
	-19.630026, 56.051281, -93.969444;	-0.443976, -0.109768, -0.889290;	 0.615147, 0.394870
	-16.854794, -40.030857, 50.172199;	-0.361897, 0.558709, 0.746240;	 0.258134, 0.633229
	-17.294308, -52.915928, 59.197380;	-0.389319, 0.538346, 0.747405;	 0.277933, 0.633708
	10.216274, 91.774300, -75.008507;	0.246406, 0.943148, -0.223063;	 0.759689, 0.221472
	28.621956, 80.046700, -62.201336;	0.778296, 0.579056, 0.242795;	 0.741403, 0.013934
	41.000675, -54.762119, 51.710556;	-0.778296, 0.579056, 0.242795;	 0.142580, 0.532999
	41.342121, -74.807465, 164.045914;	0.778296, 0.579056, 0.242795;	 0.284101, 0.532528
	-6.455899, -71.942017, 158.829147;	-0.778296, 0.579056, 0.242795;	 0.277528, 0.598363
	-2.447947, -23.456659, -35.460529;	-0.030849, -0.593724, -0.804077;	 0.255513, 0.398394
	-33.030735, -15.406352, -38.338921;	-0.315776, -0.690384, -0.650888;	 0.289174, 0.377521
	-24.222219, -22.309658, -29.103479;	-0.326672, -0.658408, -0.678073;	 0.283817, 0.394095
	-39.850800, -17.214809, -28.060007;	-0.676436, -0.622832, -0.393084;	 0.569455, 0.856755
	-37.029613, 75.753822, -71.948029;	-0.946256, 0.319357, -0.051096;	 0.728721, 0.145057
	-33.517586, 80.415047, -62.334232;	-0.782712, 0.557116, 0.277459;	 0.715836, 0.156604
	-12.877480, 52.373295, -19.835621;	-0.288805, 0.734338, 0.614280;	 0.904787, 0.095444
	-24.041510, 86.839027, -64.102768;	-0.394248, 0.857745, 0.329913;	 0.801399, 0.099574
	-4.557509, 92.170143, -59.317135;	-0.037774, 0.924338, 0.379700;	 0.807756, 0.060948
	-2.447707, 56.964489, -100.644974;	0.003955, -0.015973, -0.999865;	 0.750851, 0.602864
	-11.700071, 58.329510, -96.283203;	-0.362790, 0.034442, -0.931234;	 0.754671, 0.626778
	-8.218088, 55.150555, -95.609657;	-0.439540, -0.258330, -0.860273;	 0.745775, 0.617779
	-8.081264, 37.636700, -94.644890;	-0.511530, -0.336665, -0.790565;	 0.696765, 0.617425
	-26.496183, 16.381248, -66.703575;	-0.757013, -0.619837, -0.206723;	 0.838995, 0.232243
	-16.735346, 26.310127, -63.375900;	-0.590822, -0.624814, 0.510428;	 0.722476, 0.509798
	40.607121, 5.574286, -48.998516;	0.856473, -0.496627, -0.140766;	 0.018105, 0.541232
	55.350033, 19.072666, -27.627237;	0.817407, 0.434504, 0.378223;	 0.313583, 0.580312
	42.802547, 31.530706, -41.373672;	0.256308, 0.965966, 0.034864;	 0.302245, 0.557968
	-22.899141, 31.765844, -47.250420;	-0.369704, 0.928388, -0.037598;	 0.094863, 0.654092
	-57.890923, 18.491034, -46.170605;	-0.795427, 0.483754, -0.365072;	 0.124436, 0.618320
	-39.172421, -97.644730, 8.260481;	-0.356926, -0.330194, -0.873828;	 0.497803, 0.880214
	45.412170, -86.802475, -6.388788;	-0.005040, -0.212334, -0.977184;	 0.405156, 0.658391
	57.361061, -83.672897, 24.261692;	0.005040, -0.212334, -0.977184;	 0.409664, 0.860710
	45.412170, -86.802475, -6.388788;	-0.005040, -0.212334, -0.977184;	 0.448277, 0.877168
	49.391689, -117.640388, 162.066452;	0.005040, -0.212334, -0.977184;	 0.236057, 0.871687
	1.754546, -88.019966, -74.057701;	-0.963126, 0.254316, -0.087813;	 0.838233, 0.760723
	-6.497962, -78.884819, -65.956779;	0.618709, -0.770249, -0.154650;	 0.826769, 0.791335
	6.915040, -85.409538, -63.640011;	0.835588, -0.490876, -0.246645;	 0.796186, 0.761963
	-4.596007, -78.380486, -69.398445;	0.019777, -0.896045, 0.443522;	 0.768405, 0.701438
	1.754546, -88.019966, -74.057701;	-0.963126, 0.254316, -0.087813;	 0.768047, 0.730905
	-4.208058, -88.594765, -65.670029;	-0.010761, 0.744935, -0.667050;	 0.739915, 0.722085
	-13.372068, -79.859718, -94.731644;	-0.932687, -0.304986, -0.192556;	 0.889226, 0.791335
	0.445294, -74.117958, -97.852325;	-0.676639, -0.734653, -0.049449;	 0.847057, 0.769158
	-9.616051, -85.495674, -104.718033;	0.945054, 0.324697, -0.038021;	 0.890120, 0.761976
	-9.616051, -85.495674, -104.718033;	0.945054, 0.324697, -0.038021;	 0.839743, 0.875474
	-1.212908, -73.499001, -101.399742;	-0.133689, -0.839086, 0.527316;	 0.884794, 0.875505
	-3.886362, -85.611458, -96.103386;	0.207017, 0.459892, -0.863507;	 0.847624, 0.898418
	-16.491817, 35.271946, -40.195091;	-0.576359, -0.613733, 0.539576;	 0.898793, 0.272584
	-28.081684, 24.353857, -57.228374;	-0.552058, -0.646692, 0.526328;	 0.860586, 0.253946
	-23.074436, 48.610142, -36.471844;	-0.880084, -0.162837, 0.446022;	 0.919025, 0.252785
	-28.081684, 24.353857, -57.228374;	-0.552058, -0.646692, 0.526328;	 0.857186, 0.218604
	-13.464897, 30.028112, -38.909187;	-0.203863, 0.965541, 0.161772;	 0.079050, 0.655495
	-10.416620, 31.096441, -38.646774;	0.091827, -0.874076, 0.477032;	 0.815710, 0.361322
	-14.460455, 35.421913, -48.142975;	0.785627, 0.606523, -0.122152;	 0.794807, 0.380154
	-28.081684, 24.353857, -57.228374;	-0.552058, -0.646692, 0.526328;	 0.760395, 0.361192
	9.564797, 35.174904, -47.989563;	-0.918325, 0.283138, 0.276607;	 0.980877, 0.682375
	-2.897202, 33.924568, -46.892998;	-0.015334, -0.204064, 0.978837;	 0.946004, 0.679540
	-2.447788, 34.006382, -36.036598;	0.023762, -0.094849, 0.995208;	 0.947262, 0.651481
	-2.447788, 34.006382, -36.036598;	-0.102514, 0.989225, -0.104519;	 0.806595, 0.462222
	-2.865341, 29.512548, -40.854050;	-0.176169, 0.978895, -0.103585;	 0.813184, 0.473138
	18.003483, 31.446905, -47.026894;	0.324743, 0.941813, -0.086774;	 0.766988, 0.509790
	-6.226105, -81.948235, -47.576176;	0.995744, -0.087227, 0.029766;	 0.793858, 0.865168
	10.653975, -68.027031, -48.472713;	-0.062497, -0.430842, 0.900260;	 0.722864, 0.838483
	-2.339423, -95.535332, -52.066273;	-0.156187, -0.886507, 0.435559;	 0.832955, 0.840088
	-2.339423, -95.535332, -52.066273;	-0.156187, -0.886507, 0.435559;	 0.775996, 0.779070
	-3.191832, -90.906013, -52.233814;	-0.998783, 0.047981, 0.011428;	 0.772197, 0.766652
	-6.226105, -81.948235, -47.576176;	0.995744, -0.087227, 0.029766;	 0.782546, 0.740000
	-6.632685, -89.098259, -81.657364;	-0.014132, -0.802939, 0.595894;	 0.858128, 0.943202
	-10.806261, -60.481682, -83.057426;	0.022270, -0.425474, 0.904696;	 0.753462, 0.942539
	-0.277400, -74.090187, -79.238274;	-0.995682, -0.090515, 0.020606;	 0.807953, 0.919612
	-4.987725, -85.257072, -82.549522;	0.970291, -0.234995, 0.057556;	 0.764637, 0.825217
	-6.632685, -89.098259, -81.657364;	-0.014132, -0.802939, 0.595894;	 0.777884, 0.829257
	-0.277400, -74.090187, -79.238274;	-0.995682, -0.090515, 0.020606;	 0.722864, 0.829536
	1.754546, -88.019966, -74.057701;	-0.963126, 0.254316, -0.087813;	 0.698416, 0.892865
	6.915040, -85.409538, -63.640011;	0.835588, -0.490876, -0.246645;	 0.767057, 0.874115
	4.107307, -64.896904, -64.251213;	-0.272547, 0.587388, -0.762033;	 0.826526, 0.907957
	3.707494, -87.898186, -81.333061;	-0.413229, 0.853390, -0.317753;	 0.722864, 0.910018
	-9.616051, -85.495674, -104.718033;	0.945054, 0.324697, -0.038021;	 0.636945, 0.920701
	-11.273323, -85.847931, -112.057159;	0.275634, 0.862910, -0.423571;	 0.872013, 0.953164
	-4.666774, -61.487309, -99.155388;	0.405164, 0.423170, -0.810413;	 0.971779, 0.952281
	-13.372068, -79.859718, -94.731644;	-0.932687, -0.304986, -0.192556;	 0.921038, 0.987160
	11.596123, 34.952946, -39.971611;	0.572538, -0.592513, 0.566682;	 0.710888, 0.103346
	23.186090, 24.034887, -57.004841;	0.577642, -0.589370, 0.564777;	 0.836988, 0.296242
	11.596123, 34.952946, -39.971611;	0.572538, -0.592513, 0.566682;	 0.799537, 0.316481
	18.178707, 48.309544, -36.337734;	0.870841, -0.101420, 0.480989;	 0.778629, 0.297478
	49.391689, -117.640388, 162.066452;	-0.870841, -0.101420, 0.480989;	 0.358072, 0.512691
	45.412170, -86.802475, -6.388788;	0.870841, -0.101420, 0.480989;	 0.142580, 0.501213
	37.820110, -136.297073, 159.497681;	-0.870841, -0.101420, 0.480989;	 0.360273, 0.486864
	-2.447980, 22.980804, 18.440969;	0.000819, -0.472169, 0.881508;	 0.993951, 0.090235
	-2.447936, 50.773899, -8.587934;	0.000334, 0.721204, 0.692723;	 0.925265, 0.076184
	7.981660, 52.487949, -19.903027;	0.293308, 0.737355, 0.608505;	 0.910598, 0.058957
	24.685650, 78.676308, -55.217876;	0.538534, 0.587864, 0.603653;	 0.836986, 0.018440
	-12.877480, 52.373295, -19.835621;	-0.288805, 0.734338, 0.614280;	 0.661719, 0.216118
	-2.447980, 22.980804, 18.440969;	0.000819, -0.472169, 0.881508;	 0.608445, 0.256207
	-29.581310, 79.043007, -55.350269;	-0.535985, 0.588737, 0.605069;	 0.707245, 0.167286
	48.313145, -3.389218, -16.767830;	0.675503, -0.643172, -0.360591;	 0.479893, 0.432174
	30.438160, -14.268931, -39.472443;	0.601312, -0.636103, -0.483526;	 0.444575, 0.422527
	44.876259, 0.259844, -10.349432;	0.677841, 0.731146, -0.077182;	 0.485496, 0.424234
	32.834019, 13.935565, -10.578506;	0.332840, 0.735269, 0.590421;	 0.480442, 0.800748
	49.330257, 6.091190, -17.204170;	0.836562, -0.020930, 0.547473;	 0.469994, 0.776546
	39.433716, 0.729632, -3.927109;	0.750765, 0.633265, 0.187958;	 0.491365, 0.781913
	17.183382, 70.607948, -99.782326;	0.590318, -0.378629, -0.712857;	 0.838953, 0.280641
	-2.447710, 68.371956, -97.557686;	0.000188, -0.372932, -0.927859;	 0.806312, 0.265461
	28.468462, 74.604164, -86.403152;	0.741156, 0.357330, -0.568333;	 0.865712, 0.262983
	-9.430326, -43.795799, -72.226570;	0.789205, -0.131743, 0.599833;	 0.348997, 0.529664
	-29.420862, -29.231712, -59.655861;	-0.417646, -0.666565, 0.617464;	 0.320360, 0.543091
	-30.706886, -13.269938, -48.242756;	-0.844673, -0.522224, -0.117513;	 0.302245, 0.533385
	-44.329494, 0.989016, -4.217731;	-0.587014, 0.505970, 0.631988;	 0.176870, 0.680527
	-49.449173, -26.629972, 1.612729;	-0.686309, 0.366812, 0.628036;	 0.060444, 0.758318
	-60.297314, -72.573349, 31.180012;	-0.866183, 0.400645, 0.298680;	 0.120839, 0.794413
	-53.728104, -49.968033, 7.619358;	-0.974424, 0.131676, -0.182096;	 0.081152, 0.782590
	-60.097736, -85.330551, 10.465948;	-0.714422, -0.120989, -0.689176;	 0.105608, 0.823490
	-4.627938, -51.986698, 58.416595;	0.714422, -0.120989, -0.689176;	 0.151029, 0.595845
	-4.627938, -51.986698, 58.416595;	0.081711, 0.502773, 0.860548;	 0.013387, 0.486881
	22.451202, -20.644464, -40.115078;	0.256206, -0.791953, -0.554229;	 0.560651, 0.635909
	-2.447947, -23.456659, -35.460529;	-0.030849, -0.593724, -0.804077;	 0.586165, 0.656864
	29.066502, -22.525921, -24.025057;	0.431935, -0.661522, -0.613042;	 0.544192, 0.651732
	-3.191832, -90.906013, -52.233814;	-0.998783, 0.047981, 0.011428;	 0.952224, 0.882450
	-7.015261, -82.031517, -57.748028;	0.215224, -0.359179, -0.908113;	 0.990033, 0.881895
	-4.208058, -88.594765, -65.670029;	-0.010761, 0.744935, -0.667050;	 0.985701, 0.910018
	-7.015261, -82.031517, -57.748028;	0.215224, -0.359179, -0.908113;	 0.746467, 0.745578
	0.203139, -75.557106, -89.240295;	-0.437992, -0.886896, -0.146898;	 0.940459, 0.910018
	-4.987725, -85.257072, -82.549522;	0.970291, -0.234995, 0.057556;	 0.897811, 0.909733
	-3.886362, -85.611458, -96.103386;	0.207017, 0.459892, -0.863507;	 0.924970, 0.878651
	0.203139, -75.557106, -89.240295;	-0.437992, -0.886896, -0.146898;	 0.733634, 0.802944
	41.573051, -6.325725, -34.974007;	-0.706211, -0.690554, 0.156205;	 0.455492, 0.433979
	-42.320347, -11.139171, -36.704887;	-0.340389, -0.914473, -0.218803;	 0.327552, 0.362643
	-39.850800, -17.214809, -28.060007;	-0.676436, -0.622832, -0.393084;	 0.320158, 0.358611
	-33.030735, -15.406352, -38.338921;	-0.315776, -0.690384, -0.650888;	 0.323087, 0.349436
	-31.592258, 2.276556, -46.215061;	0.689428, 0.277775, 0.668977;	 0.345437, 0.349324
	-36.187801, 14.935141, -50.916744;	-0.017977, 0.017663, -0.999682;	 0.110812, 0.508354
	-24.041510, 86.839027, -64.102768;	-0.394248, 0.857745, 0.329913;	 0.723829, 0.171242
	18.067406, 13.795570, -63.544270;	0.249630, -0.790209, 0.559692;	 0.635619, 0.457818
	-0.390957, -81.257881, -43.964252;	-0.356252, 0.078685, -0.931071;	 0.610352, 0.778108
	1.736408, -69.017555, -61.531849;	-0.928250, 0.371653, -0.015038;	 0.673367, 0.743308
	10.653975, -68.027031, -48.472713;	-0.062497, -0.430842, 0.900260;	 0.673782, 0.786918
	-6.226105, -81.948235, -47.576176;	0.995744, -0.087227, 0.029766;	 0.856373, 0.829536
	-0.390957, -81.257881, -43.964252;	-0.356252, 0.078685, -0.931071;	 0.873190, 0.815506
	10.653975, -68.027031, -48.472713;	-0.062497, -0.430842, 0.900260;	 0.935600, 0.827829
	-10.806261, -60.481682, -83.057426;	0.022270, -0.425474, 0.904696;	 0.718832, 0.987160
	-4.706357, -74.726402, -76.176498;	0.351116, 0.056676, -0.934615;	 0.741696, 0.947240
	-4.706357, -74.726402, -76.176498;	0.351116, 0.056676, -0.934615;	 0.983205, 0.854415
	-0.277400, -74.090187, -79.238274;	-0.995682, -0.090515, 0.020606;	 0.991099, 0.865168
	-10.806261, -60.481682, -83.057426;	0.022270, -0.425474, 0.904696;	 0.928825, 0.864853
	57.361061, -83.672897, 24.261692;	0.999477, 0.006852, -0.031612;	 0.442193, 0.534362
	48.775234, -10.845291, 19.658798;	0.616854, 0.617225, 0.488389;	 0.534576, 0.534018
	58.257179, -43.628052, 18.251040;	0.961921, 0.091606, 0.257520;	 0.492186, 0.541860
	57.361061, -83.672897, 24.261692;	0.999477, 0.006852, -0.031612;	 0.417379, 0.698668
	58.257179, -43.628052, 18.251040;	0.961921, 0.091606, 0.257520;	 0.368256, 0.713712
	14.000288, -50.608990, -37.465332;	-0.705305, -0.017341, 0.708692;	 0.323763, 0.621220
	44.876259, 0.259844, -10.349432;	0.677841, 0.731146, -0.077182;	 0.093354, 0.470713
	46.470886, -0.306103, -16.760910;	0.988168, -0.043786, -0.146993;	 0.101050, 0.467160
	48.313145, -3.389218, -16.767830;	0.675503, -0.643172, -0.360591;	 0.103602, 0.471244
	-23.584465, 8.830781, 2.794301;	-0.384336, 0.711986, 0.587675;	 0.050015, 0.605636
	-2.030160, 29.730505, -41.143593;	-0.007087, 0.999973, -0.001848;	 0.811384, 0.474705
	-13.464897, 30.028112, -38.909187;	-0.203863, 0.965541, 0.161772;	 0.838012, 0.457329
	-14.460455, 35.421913, -48.142975;	0.785627, 0.606523, -0.122152;	 0.913646, 0.682771
	3.322656, 54.774548, -95.472115;	0.441067, -0.251059, -0.861643;	 0.744723, 0.587950
	3.185839, 37.244671, -94.491570;	0.551436, -0.295746, -0.780034;	 0.695668, 0.588304
	-57.542305, -96.937805, 151.360001;	-0.551436, -0.295746, -0.780034;	 0.268483, 0.744716
	32.134037, 75.385780, -71.815231;	0.929430, 0.363555, -0.063153;	 0.766936, 0.259672
	28.621956, 80.046700, -62.201336;	0.778296, 0.579056, 0.242795;	 0.750149, 0.259587
	17.183382, 70.607948, -99.782326;	0.590318, -0.378629, -0.712857;	 0.801789, 0.218242
	28.468462, 74.604164, -86.403152;	0.741156, 0.357330, -0.568333;	 0.787412, 0.244906
	-42.320347, -11.139171, -36.704887;	-0.340389, -0.914473, -0.218803;	 0.008717, 0.764822
	-42.320347, -11.139171, -36.704887;	-0.340389, -0.914473, -0.218803;	 0.392837, 0.426690
	-54.561947, -8.327374, -29.007784;	-0.622974, -0.776111, -0.097755;	 0.408367, 0.416279
	-49.772015, 0.519229, -10.640076;	-0.555768, 0.763660, -0.328551;	 0.426431, 0.433412
	-2.447694, 26.688761, -95.328224;	-0.115529, -0.964925, -0.235740;	 0.666129, 0.602864
	0.351698, 30.832529, -90.752525;	0.228212, -0.763522, -0.604113;	 0.825086, 0.622059
	10.653975, -68.027031, -48.472713;	-0.062497, -0.430842, 0.900260;	 0.610352, 0.829824
	13.652422, -67.855034, -52.281292;	0.878105, -0.478024, -0.020593;	 0.611840, 0.819391
	-2.339423, -95.535332, -52.066273;	-0.156187, -0.886507, 0.435559;	 0.710734, 0.831599
	6.915040, -85.409538, -63.640011;	0.835588, -0.490876, -0.246645;	 0.796186, 0.798045
	-6.497962, -78.884819, -65.956779;	0.618709, -0.770249, -0.154650;	 0.847549, 0.810688
	-1.069468, -93.604118, -62.892673;	-0.082892, -0.836838, -0.541138;	 0.796461, 0.829536
	-13.835239, -59.765404, -86.784782;	-0.949282, -0.312888, 0.031069;	 0.860248, 0.976073
	-10.806261, -60.481682, -83.057426;	0.022270, -0.425474, 0.904696;	 0.857153, 0.986251
	-6.632685, -89.098259, -81.657364;	-0.014132, -0.802939, 0.595894;	 0.753462, 0.987160
	0.445294, -74.117958, -97.852325;	-0.676639, -0.734653, -0.049449;	 0.610352, 0.707596
	-13.372068, -79.859718, -94.731644;	-0.932687, -0.304986, -0.192556;	 0.664487, 0.706432
	-7.456391, -89.217216, -92.725357;	-0.042834, -0.920012, -0.389541;	 0.658831, 0.736598
	-33.363956, 74.968880, -86.535141;	-0.746508, 0.326087, -0.579994;	 0.753268, 0.142432
	-42.794384, -22.056820, -16.526953;	0.417491, -0.676295, -0.606900;	 0.489686, 0.984065
	-60.097736, -85.330551, 10.465948;	-0.714422, -0.120989, -0.689176;	 0.470881, 0.896086
	-60.097736, -85.330551, 10.465948;	0.714422, -0.120989, -0.689176;	 0.191728, 0.987681
	39.433716, 0.729632, -3.927109;	0.750765, 0.633265, 0.187958;	 0.405525, 0.362528
	48.775234, -10.845291, 19.658798;	0.616854, 0.617225, 0.488389;	 0.373321, 0.354173
	32.834019, 13.935565, -10.578506;	0.332840, 0.735269, 0.590421;	 0.422572, 0.354317
	48.775234, -10.845291, 19.658798;	0.616854, 0.617225, 0.488389;	 0.176268, 0.374755
	44.876259, 0.259844, -10.349432;	0.677841, 0.731146, -0.077182;	 0.208574, 0.401113
	58.257179, -43.628052, 18.251040;	0.961921, 0.091606, 0.257520;	 0.142580, 0.400948
	23.186090, 24.034887, -57.004841;	0.577642, -0.589370, 0.564777;	 0.615147, 0.480575
	6.882882, 20.604286, -64.127693;	0.090858, -0.978374, 0.185822;	 0.661757, 0.481537
	15.817667, 33.563087, -52.550873;	0.152837, -0.746254, -0.647878;	 0.629153, 0.508891
	23.186090, 24.034887, -57.004841;	0.577642, -0.589370, 0.564777;	 0.743771, 0.120105
	-3.191832, -90.906013, -52.233814;	-0.998783, 0.047981, 0.011428;	 0.829702, 0.743287
	-0.390957, -81.257881, -43.964252;	-0.356252, 0.078685, -0.931071;	 0.796186, 0.754012
	-6.226105, -81.948235, -47.576176;	0.995744, -0.087227, 0.029766;	 0.796228, 0.737839
	-0.390957, -81.257881, -43.964252;	-0.356252, 0.078685, -0.931071;	 0.612883, 0.838310
	-0.277400, -74.090187, -79.238274;	-0.995682, -0.090515, 0.020606;	 0.901885, 0.748718
	-4.706357, -74.726402, -76.176498;	0.351116, 0.056676, -0.934615;	 0.902188, 0.733797
	-4.987725, -85.257072, -82.549522;	0.970291, -0.234995, 0.057556;	 0.945952, 0.740184
	32.834019, 13.935565, -10.578506;	0.332840, 0.735269, 0.590421;	 0.354354, 0.399417
	55.350033, 19.072666, -27.627237;	0.817407, 0.434504, 0.378223;	 0.325260, 0.399244
	49.330257, 6.091190, -17.204170;	0.836562, -0.020930, 0.547473;	 0.336369, 0.383722
	-2.865341, 29.512548, -40.854050;	-0.176169, 0.978895, -0.103585;	 0.907917, 0.441030
	-2.897202, 33.924568, -46.892998;	-0.015334, -0.204064, 0.978837;	 0.908773, 0.429654
	9.564797, 35.174904, -47.989563;	-0.918325, 0.283138, 0.276607;	 0.943811, 0.428896
	18.003483, 31.446905, -47.026894;	0.324743, 0.941813, -0.086774;	 0.966559, 0.440172
	15.817667, 33.563087, -52.550873;	0.152837, -0.746254, -0.647878;	 0.928524, 0.534097
	6.882882, 20.604286, -64.127693;	0.090858, -0.978374, 0.185822;	 0.881613, 0.522274
	18.003483, 31.446905, -47.026894;	0.324743, 0.941813, -0.086774;	 0.938273, 0.521741
	11.215792, 29.903662, -41.398209;	0.136167, -0.906135, 0.400471;	 0.895569, 0.441030
	23.186090, 24.034887, -57.004841;	0.577642, -0.589370, 0.564777;	 0.848923, 0.440030
	15.817667, 33.563087, -52.550873;	0.152837, -0.746254, -0.647878;	 0.870445, 0.421487
	15.817667, 33.563087, -52.550873;	0.152837, -0.746254, -0.647878;	 0.615147, 0.645160
	-2.447788, 34.006382, -36.036598;	0.023762, -0.094849, 0.995208;	 0.615606, 0.581517
	11.215792, 29.903662, -41.398209;	0.136167, -0.906135, 0.400471;	 0.629863, 0.617095
	-10.416620, 31.096441, -38.646774;	0.091827, -0.874076, 0.477032;	 0.924962, 0.658227
	-2.447788, 34.006382, -36.036598;	0.023762, -0.094849, 0.995208;	 0.920914, 0.553400
	-16.491817, 35.271946, -40.195091;	-0.576359, -0.613733, 0.539576;	 0.881613, 0.542651
	11.596123, 34.952946, -39.971611;	0.572538, -0.592513, 0.566682;	 0.960213, 0.543229
	-60.297314, -72.573349, 31.180012;	-0.572538, -0.592514, 0.566682;	 0.456385, 0.739401
	-60.297314, -72.573349, 31.180012;	-0.866183, 0.400645, 0.298680;	 0.278189, 0.709207
	9.173414, -66.983528, -60.519299;	0.721451, 0.014306, -0.692318;	 0.378045, 0.462379
	55.332405, 18.695440, -41.557842;	0.904656, 0.205859, -0.373122;	 0.255513, 0.467027
	45.357353, 20.163549, -50.334324;	0.495629, 0.247422, -0.832547;	 0.259428, 0.453816
	55.332405, 18.695440, -41.557842;	0.904656, 0.205859, -0.373122;	 0.433787, 0.805296
	42.802547, 31.530706, -41.373672;	0.256308, 0.965966, 0.034864;	 0.456385, 0.805323
	45.357353, 20.163549, -50.334324;	0.495629, 0.247422, -0.832547;	 0.443760, 0.820132
	-57.890923, 18.491034, -46.170605;	-0.795427, 0.483754, -0.365072;	 0.499437, 0.508464
	-9.918179, -61.132847, -95.127159;	-0.705231, 0.171460, -0.687932;	 0.382391, 0.512691
	-47.125034, 24.393530, -49.606037;	-0.424506, 0.833165, -0.354443;	 0.498297, 0.491600
	-47.125034, 24.393530, -49.606037;	-0.424506, 0.833165, -0.354443;	 0.118155, 0.632288
	-3.886362, -85.611458, -96.103386;	0.207017, 0.459892, -0.863507;	 0.773389, 0.788497
	-7.456391, -89.217216, -92.725357;	-0.042834, -0.920012, -0.389541;	 0.784421, 0.799200
	-7.456391, -89.217216, -92.725357;	-0.042834, -0.920012, -0.389541;	 0.838291, 0.910018
	0.445294, -74.117958, -97.852325;	-0.676639, -0.734653, -0.049449;	 0.886046, 0.885371
	-1.069468, -93.604118, -62.892673;	-0.082892, -0.836838, -0.541138;	 0.736198, 0.779550
	-4.208058, -88.594765, -65.670029;	-0.010761, 0.744935, -0.667050;	 0.722864, 0.767478
	-1.069468, -93.604118, -62.892673;	-0.082892, -0.836838, -0.541138;	 0.722864, 0.731053
	-6.497962, -78.884819, -65.956779;	0.618709, -0.770249, -0.154650;	 0.756430, 0.698481
	-44.329494, 0.989016, -4.217731;	-0.587014, 0.505970, 0.631988;	 0.419898, 0.467027
	-23.584465, 8.830781, 2.794301;	-0.384336, 0.711986, 0.587675;	 0.396189, 0.450865
	-49.449173, -26.629972, 1.612729;	-0.686309, 0.366812, 0.628036;	 0.451471, 0.449555
	-49.772015, 0.519229, -10.640076;	-0.555768, 0.763660, -0.328551;	 0.172675, 0.691194
	-53.728104, -49.968033, 7.619358;	-0.974424, 0.131676, -0.182096;	 0.237167, 0.708396
	4.107307, -64.896904, -64.251213;	-0.272547, 0.587388, -0.762033;	 0.146675, 0.426488
	3.707494, -87.898186, -81.333061;	-0.413229, 0.853390, -0.317753;	 0.714040, 0.908988
	4.107307, -64.896904, -64.251213;	-0.272547, 0.587388, -0.762033;	 0.610352, 0.910018
	-4.666774, -61.487309, -99.155388;	0.405164, 0.423170, -0.810413;	 0.443993, 0.592194
	-3.549690, -65.662163, -95.699570;	0.994862, 0.081676, -0.059822;	 0.442193, 0.584993
	-9.430326, -43.795799, -72.226570;	0.789205, -0.131743, 0.599833;	 0.481735, 0.575861
	-11.273323, -85.847931, -112.057159;	0.275634, 0.862910, -0.423571;	 0.610352, 0.920524
	-4.666774, -61.487309, -99.155388;	0.405164, 0.423170, -0.810413;	 0.660469, 0.986131
	-16.735346, 26.310127, -63.375900;	-0.590822, -0.624814, 0.510428;	 0.924152, 0.478199
	-28.081684, 24.353857, -57.228374;	-0.552058, -0.646692, 0.526328;	 0.924230, 0.511552
	-14.460455, 35.421913, -48.142975;	0.785627, 0.606523, -0.122152;	 0.883672, 0.491865
	-28.081684, 24.353857, -57.228374;	-0.552058, -0.646692, 0.526328;	 0.754640, 0.511552
	-2.447694, 26.688761, -95.328224;	-0.115529, -0.964925, -0.235740;	 0.913444, 0.469645
	-8.081264, 37.636700, -94.644890;	-0.511530, -0.336665, -0.790565;	 0.883672, 0.453531
	0.351698, 30.832529, -90.752525;	0.228212, -0.763522, -0.604113;	 0.915862, 0.452269
	7.395265, -87.352028, -102.886452;	0.116028, 0.990505, -0.073743;	 0.872013, 0.943596
	-9.616051, -85.495674, -104.718033;	0.945054, 0.324697, -0.038021;	 0.930895, 0.929012
	-11.273323, -85.847931, -112.057159;	0.275634, 0.862910, -0.423571;	 0.947249, 0.945571
	-13.372068, -79.859718, -94.731644;	-0.640415, -0.746531, 0.180446;	 0.856373, 0.806559
	-9.616051, -85.495674, -104.718033;	-0.640415, -0.746531, 0.180446;	 0.893828, 0.799413
	-11.273323, -85.847931, -112.057159;	-0.640415, -0.746531, 0.180446;	 0.919537, 0.806241
	-11.273323, -85.847931, -112.057159;	-0.116028, -0.990505, 0.073743;	 0.920001, 0.849085
	-9.616051, -85.495674, -104.718033;	-0.116028, -0.990505, 0.073743;	 0.902845, 0.865168
	7.395265, -87.352028, -102.886452;	-0.116028, -0.990505, 0.073743;	 0.844720, 0.848922
	3.707494, -87.898186, -81.333061;	-0.413229, 0.853390, -0.317753;	 0.702446, 0.716378
	1.754546, -88.019966, -74.057701;	-0.963126, 0.254316, -0.087813;	 0.696415, 0.736598
	-4.335628, -91.822746, -81.656700;	-0.432976, 0.895703, -0.101232;	 0.673311, 0.716356
	1.754546, -88.019966, -74.057701;	0.329464, -0.941367, 0.072682;	 0.942466, 0.724850
	6.915040, -85.409538, -63.640011;	0.329464, -0.941367, 0.072682;	 0.901885, 0.716390
	3.707494, -87.898186, -81.333061;	0.329464, -0.941367, 0.072682;	 0.966962, 0.715745
	1.754546, -88.019966, -74.057701;	0.432976, -0.895703, 0.101232;	 0.687379, 0.842933
	3.707494, -87.898186, -81.333061;	0.432976, -0.895703, 0.101232;	 0.713957, 0.838310
	-4.335628, -91.822746, -81.656700;	0.432976, -0.895703, 0.101232;	 0.714040, 0.860466
	-42.794384, -22.056820, -16.526953;	0.417491, -0.676295, -0.606900;	 0.311652, 0.399417
	11.834183, 33.638554, -21.043383;	0.667540, -0.738008, 0.098661;	 0.839661, 0.391530
	-2.447980, 22.980804, 18.440969;	0.000819, -0.472169, 0.881508;	 0.643428, 0.313023
	-2.447899, 35.509892, -19.951525;	0.113176, -0.971746, -0.207125;	 0.711588, 0.299165
	-16.491817, 35.271946, -40.195091;	-0.576359, -0.613733, 0.539576;	 0.752384, 0.317883
	-2.438037, -1.075226, 23.317099;	0.007579, 0.701541, 0.712589;	 0.582145, 0.512251
	-17.294308, -52.915928, 59.197380;	-0.389319, 0.538346, 0.747405;	 0.517581, 0.489136
	-16.854794, -40.030857, 50.172199;	-0.361897, 0.558709, 0.746240;	 0.533782, 0.490404
	-2.438037, -1.075226, 23.317099;	0.007579, 0.701541, 0.712589;	 0.197888, 0.618200
	-42.320347, -11.139171, -36.704887;	-0.340389, -0.914473, -0.218803;	 0.435523, 0.701884
	-9.430326, -43.795799, -72.226570;	0.789205, -0.131743, 0.599833;	 0.493806, 0.705746
	-30.706886, -13.269938, -48.242756;	-0.844673, -0.522224, -0.117513;	 0.447266, 0.711866
	36.722706, -14.817089, -24.131662;	0.962169, -0.268069, -0.048684;	 0.139357, 0.737559
	14.000288, -50.608990, -37.465332;	-0.705305, -0.017341, 0.708692;	 0.086006, 0.734817
	48.313145, -3.389218, -16.767830;	0.675503, -0.643172, -0.360591;	 0.159531, 0.733550
	-62.070595, 14.015599, -33.114368;	-0.917396, 0.349718, 0.189949;	 0.557461, 0.695144
	-57.764324, -2.242306, -27.588608;	-0.932097, -0.312132, 0.183761;	 0.544064, 0.713712
	49.330257, 6.091190, -17.204170;	0.836562, -0.020930, 0.547473;	 0.326518, 0.598363
	9.173414, -66.983528, -60.519299;	0.721451, 0.014306, -0.692318;	 0.580529, 0.757857
	45.357353, 20.163549, -50.334324;	0.495629, 0.247422, -0.832547;	 0.469994, 0.757790
	22.812267, -34.653988, -41.663052;	-0.874931, 0.470078, 0.116284;	 0.537328, 0.737204
	-15.520021, -26.009544, -74.764305;	0.750569, 0.574001, -0.327367;	 0.423357, 0.492845
	9.173414, -66.983528, -60.519299;	0.721451, 0.014306, -0.692318;	 0.613271, 0.796616
	6.915040, -85.409538, -63.640011;	0.835588, -0.490876, -0.246645;	 0.680905, 0.795865
	-13.372068, -79.859718, -94.731644;	-0.932687, -0.304986, -0.192556;	 0.788644, 0.952149
	-9.918179, -61.132847, -95.127159;	-0.705231, 0.171460, -0.687932;	 0.856430, 0.952987
	-2.447735, 6.858941, -74.108017;	-0.114770, -0.988392, -0.099548;	 0.919259, 0.407037
	-26.496183, 16.381248, -66.703575;	-0.757013, -0.619837, -0.206723;	 0.848923, 0.410082
	-22.962952, 14.114525, -63.767757;	-0.227796, -0.799446, 0.555873;	 0.855443, 0.399850
	-22.962952, 14.114525, -63.767757;	-0.227796, -0.799446, 0.555873;	 0.622353, 0.386316
	-26.496183, 16.381248, -66.703575;	-0.757013, -0.619837, -0.206723;	 0.615147, 0.374870
	-28.081684, 24.353857, -57.228374;	-0.552058, -0.646692, 0.526328;	 0.646421, 0.360491
	-14.460455, 35.421913, -48.142975;	0.785627, 0.606523, -0.122152;	 0.851140, 0.478046
	-2.897202, 33.924568, -46.892998;	-0.015334, -0.204064, 0.978837;	 0.820189, 0.487343
	-16.735346, 26.310127, -63.375900;	-0.590822, -0.624814, 0.510428;	 0.874411, 0.511552
	-22.899141, 31.765844, -47.250420;	-0.369704, 0.928388, -0.037598;	 0.871658, 0.467006
	-57.764324, -2.242306, -27.588608;	-0.932097, -0.312132, 0.183761;	 0.142580, 0.665084
	-30.706886, -13.269938, -48.242756;	-0.844673, -0.522224, -0.117513;	 0.142586, 0.618200
	-45.631390, -5.518014, -53.949154;	-0.804508, -0.582867, -0.114162;	 0.159708, 0.629773
	-30.706886, -13.269938, -48.242756;	-0.844673, -0.522224, -0.117513;	 0.373321, 0.433979
	48.964622, -8.143107, -35.043297;	0.919329, -0.390603, -0.047575;	 0.037464, 0.788591
	36.722706, -14.817089, -24.131662;	0.962169, -0.268069, -0.048684;	 0.032722, 0.812420
	49.330257, 6.091190, -17.204170;	0.836562, -0.020930, 0.547473;	 0.008717, 0.789330
	46.470886, -0.306103, -16.760910;	0.988168, -0.043786, -0.146993;	 0.161375, 0.738067
	-6.455899, -71.942017, 158.829147;	-0.988168, -0.043786, -0.146993;	 0.298356, 0.820395
	40.607121, 5.574286, -48.998516;	0.856473, -0.496627, -0.140766;	 0.237369, 0.420950
	40.607121, 5.574286, -48.998516;	0.856473, -0.496627, -0.140766;	 0.373321, 0.377406
	22.451202, -20.644464, -40.115078;	0.256206, -0.791953, -0.554229;	 0.414992, 0.379050
	30.438160, -14.268931, -39.472443;	0.601312, -0.636103, -0.483526;	 0.403153, 0.384582
	41.573051, -6.325725, -34.974007;	-0.706211, -0.690554, 0.156205;	 0.388637, 0.396442
	-36.187801, 14.935141, -50.916744;	-0.017977, 0.017663, -0.999682;	 0.557706, 0.598363
	-36.187801, 14.935141, -50.916744;	-0.017977, 0.017663, -0.999682;	 0.126262, 0.447976
	-31.592258, 2.276556, -46.215061;	0.689428, 0.277775, 0.668977;	 0.109760, 0.452282
	-33.030735, -15.406352, -38.338921;	-0.315776, -0.690384, -0.650888;	 0.087834, 0.447544
	3.185839, 37.244671, -94.491570;	0.551436, -0.295746, -0.780034;	 0.847888, 0.501336
	-2.447694, 26.688761, -95.328224;	-0.115529, -0.964925, -0.235740;	 0.818256, 0.501405
	0.351698, 30.832529, -90.752525;	0.228212, -0.763522, -0.604113;	 0.830798, 0.490432
	7.091007, 8.470085, -73.080360;	0.338100, -0.892622, -0.298184;	 0.813583, 0.681483
	3.185839, 37.244671, -94.491570;	0.551436, -0.295746, -0.780034;	 0.815135, 0.606444
	45.412170, -86.802475, -6.388788;	-0.005040, -0.212334, -0.977184;	 0.274023, 0.419254
	37.898491, -22.446270, -16.526953;	0.694394, -0.415414, -0.587579;	 0.355176, 0.432670
	34.276749, -97.587524, 8.235121;	0.062752, -0.342929, -0.937263;	 0.255513, 0.433979
	45.412170, -86.802475, -6.388788;	-0.062752, -0.342929, -0.937263;	 0.217913, 0.843327
	37.820110, -136.297073, 159.497681;	0.062752, -0.342929, -0.937263;	 0.008717, 0.845241
	-2.447768, 21.453316, -65.629150;	0.046447, -0.997988, -0.043167;	 0.067521, 0.508427
	-23.693100, 16.855721, -62.048557;	-0.483793, -0.095404, -0.869967;	 0.094899, 0.509048
	-7.456391, -89.217216, -92.725357;	-0.042834, -0.920012, -0.389541;	 0.754528, 0.956705
	-1.069468, -93.604118, -62.892673;	-0.082892, -0.836838, -0.541138;	 0.709804, 0.801339
	37.898491, -22.446270, -16.526953;	0.694394, -0.415414, -0.587579;	 0.591291, 0.987681
	37.898491, -22.446270, -16.526953;	0.694394, -0.415414, -0.587579;	 0.530030, 0.655593
	30.438160, -14.268931, -39.472443;	0.601312, -0.636103, -0.483526;	 0.551274, 0.631824
	-2.438037, -1.075226, 23.317099;	0.007579, 0.701541, 0.712589;	 0.008717, 0.416880
	11.960770, -40.546116, 50.157326;	0.135170, 0.541624, 0.829682;	 0.583246, 0.772735
	-2.438037, -1.075226, 23.317099;	0.007579, 0.701541, 0.712589;	 0.540984, 0.823490
	6.882882, 20.604286, -64.127693;	0.090858, -0.978374, 0.185822;	 0.084184, 0.699772
	6.990416, 75.397133, -100.215500;	0.091170, 0.487369, -0.868424;	 0.877898, 0.228817
	-22.078793, 70.968117, -99.912804;	-0.520509, -0.322688, -0.790533;	 0.931050, 0.230782
	17.183382, 70.607948, -99.782326;	0.590318, -0.378629, -0.712857;	 0.860586, 0.240021
	28.867180, 65.687386, -85.659767;	0.143925, -0.184023, -0.972328;	 0.786549, 0.035745
	28.867180, 65.687386, -85.659767;	0.143925, -0.184023, -0.972328;	 0.916493, 0.388444
	28.468462, 74.604164, -86.403152;	0.741156, 0.357330, -0.568333;	 0.891722, 0.385067
	28.060064, 44.276527, -80.273796;	0.832326, -0.293391, -0.470272;	 0.978266, 0.387491
	-33.762672, 66.057625, -85.793694;	-0.144410, -0.183670, -0.972322;	 0.811442, 0.135976
	-33.363956, 74.968880, -86.535141;	-0.746508, 0.326087, -0.579994;	 0.978258, 0.373991
	-33.762672, 66.057625, -85.793694;	-0.144410, -0.183670, -0.972322;	 0.953384, 0.376513
	-32.955555, 44.655037, -80.420776;	-0.816516, -0.316176, -0.483047;	 0.891722, 0.373458
	24.685650, 78.676308, -55.217876;	0.538534, 0.587864, 0.603653;	 0.737186, 0.257231
	-10.416620, 31.096441, -38.646774;	0.091827, -0.874076, 0.477032;	 0.949844, 0.410082
	-16.491817, 35.271946, -40.195091;	-0.576359, -0.613733, 0.539576;	 0.931608, 0.401176
	-2.447788, 34.006382, -36.036598;	0.023762, -0.094849, 0.995208;	 0.971054, 0.400232
	-16.491817, 35.271946, -40.195091;	-0.576359, -0.613733, 0.539576;	 0.707246, 0.366464
	-10.416620, 31.096441, -38.646774;	0.091827, -0.874076, 0.477032;	 0.710415, 0.385467
	11.834183, 33.638554, -21.043383;	0.667540, -0.738008, 0.098661;	 0.708588, 0.272305
	-2.447980, 22.980804, 18.440969;	0.000819, -0.472169, 0.881508;	 0.608445, 0.138538
	-37.029613, 75.753822, -71.948029;	-0.946256, 0.319357, -0.051096;	 0.833552, 0.053160
	-33.363956, 74.968880, -86.535141;	-0.746508, 0.326087, -0.579994;	 0.806311, 0.053015
	-23.206240, 88.806740, -75.389854;	-0.376919, 0.893743, -0.243218;	 0.822838, 0.018440
	-33.363956, 74.968880, -86.535141;	-0.746508, 0.326087, -0.579994;	 0.811338, 0.119094
	28.468462, 74.604164, -86.403152;	0.741156, 0.357330, -0.568333;	 0.786021, 0.018862
	21.600643, 16.062263, -66.480049;	0.785257, -0.596128, -0.167339;	 0.629476, 0.680256
	18.067406, 13.795570, -63.544270;	0.249630, -0.790209, 0.559692;	 0.615147, 0.679885
	23.186090, 24.034887, -57.004841;	0.577642, -0.589370, 0.564777;	 0.628191, 0.648011
	21.600643, 16.062263, -66.480049;	0.785257, -0.596128, -0.167339;	 0.913646, 0.632076
	7.091007, 8.470085, -73.080360;	0.338100, -0.892622, -0.298184;	 0.958229, 0.633417
	18.067406, 13.795570, -63.544270;	0.249630, -0.790209, 0.559692;	 0.918864, 0.642927
	-49.772015, 0.519229, -10.640076;	-0.555768, 0.763660, -0.328551;	 0.585677, 0.533413
	-44.329494, 0.989016, -4.217731;	-0.587014, 0.505970, 0.631988;	 0.583204, 0.541860
	-49.449173, -26.629972, 1.612729;	-0.686309, 0.366812, 0.628036;	 0.548184, 0.535096
	-54.561947, -8.327374, -29.007784;	-0.622974, -0.776111, -0.097755;	 0.042502, 0.401116
	-44.329494, 0.989016, -4.217731;	-0.587014, 0.505970, 0.631988;	 0.008717, 0.401433
	-49.772015, 0.519229, -10.640076;	-0.555768, 0.763660, -0.328551;	 0.018784, 0.397784
	39.433716, 0.729632, -3.927109;	0.750765, 0.633265, 0.187958;	 0.480521, 0.467027
	44.876259, 0.259844, -10.349432;	0.677841, 0.731146, -0.077182;	 0.472979, 0.458876
	48.775234, -10.845291, 19.658798;	0.616854, 0.617225, 0.488389;	 0.511048, 0.456683
	46.470886, -0.306103, -16.760910;	0.988168, -0.043786, -0.146993;	 0.465079, 0.456010
	-33.363956, 74.968880, -86.535141;	-0.746508, 0.326087, -0.579994;	 0.722935, 0.276000
	-2.447710, 68.371956, -97.557686;	0.000188, -0.372932, -0.927859;	 0.782301, 0.275811
	-22.078793, 70.968117, -99.912804;	-0.520509, -0.322688, -0.790533;	 0.750335, 0.292547
	-2.447710, 68.371956, -97.557686;	0.000188, -0.372932, -0.927859;	 0.896323, 0.239932
	-0.267956, -50.566608, 58.416595;	-0.000188, -0.372932, -0.927859;	 0.425064, 0.823490
	-0.267956, -50.566608, 58.416595;	-0.042168, 0.576745, 0.815835;	 0.519737, 0.512691
	9.564797, 35.174904, -47.989563;	-0.918325, 0.283138, 0.276607;	 0.954491, 0.477797
	15.817667, 33.563087, -52.550873;	0.152837, -0.746254, -0.647878;	 0.933491, 0.482694
	18.003483, 31.446905, -47.026894;	0.324743, 0.941813, -0.086774;	 0.933593, 0.467340
	15.817667, 33.563087, -52.550873;	0.152837, -0.746254, -0.647878;	 0.829299, 0.345032
	9.564797, 35.174904, -47.989563;	-0.918325, 0.283138, 0.276607;	 0.807783, 0.349786
	-2.447788, 34.006382, -36.036598;	0.023762, -0.094849, 0.995208;	 0.760395, 0.346340
	9.173414, -66.983528, -60.519299;	0.721451, 0.014306, -0.692318;	 0.186372, 0.354918
	22.812267, -34.653988, -41.663052;	-0.874931, 0.470078, 0.116284;	 0.142580, 0.348325
	4.107307, -64.896904, -64.251213;	-0.272547, 0.587388, -0.762033;	 0.187372, 0.347451
	6.915040, -85.409538, -63.640011;	0.835588, -0.490876, -0.246645;	 0.976805, 0.758819
	9.173414, -66.983528, -60.519299;	0.721451, 0.014306, -0.692318;	 0.911505, 0.770852
	4.107307, -64.896904, -64.251213;	-0.272547, 0.587388, -0.762033;	 0.901885, 0.757665
	-4.666774, -61.487309, -99.155388;	0.405164, 0.423170, -0.810413;	 0.378417, 0.506888
	-9.918179, -61.132847, -95.127159;	-0.705231, 0.171460, -0.687932;	 0.969427, 0.791335
	-13.372068, -79.859718, -94.731644;	-0.932687, -0.304986, -0.192556;	 0.901885, 0.780895
	-4.666774, -61.487309, -99.155388;	0.405164, 0.423170, -0.810413;	 0.975338, 0.777563
	-10.806261, -60.481682, -83.057426;	0.022270, -0.425474, 0.904696;	 0.366184, 0.543032
	-10.806261, -60.481682, -83.057426;	0.022270, -0.425474, 0.904696;	 0.008717, 0.390766
	-13.835239, -59.765404, -86.784782;	-0.949282, -0.312888, 0.031069;	 0.009013, 0.384320
	10.653975, -68.027031, -48.472713;	-0.062497, -0.430842, 0.900260;	 0.303058, 0.630405
	37.837166, -36.127712, -27.085396;	0.562751, -0.503469, 0.655615;	 0.524657, 0.465951
	13.652422, -67.855034, -52.281292;	0.878105, -0.478024, -0.020593;	 0.568356, 0.460352
	10.653975, -68.027031, -48.472713;	-0.062497, -0.430842, 0.900260;	 0.568220, 0.467027
	-4.596007, -78.380486, -69.398445;	0.019777, -0.896045, 0.443522;	 0.908816, 0.709035
	-6.497962, -78.884819, -65.956779;	0.618709, -0.770249, -0.154650;	 0.901885, 0.701042
	1.754546, -88.019966, -74.057701;	-0.963126, 0.254316, -0.087813;	 0.946077, 0.700942
	-9.616051, -85.495674, -104.718033;	0.945054, 0.324697, -0.038021;	 0.976921, 0.847452
	0.445294, -74.117958, -97.852325;	-0.676639, -0.734653, -0.049449;	 0.928825, 0.847704
	-1.212908, -73.499001, -101.399742;	-0.133689, -0.839086, 0.527316;	 0.933457, 0.838440
	58.257179, -43.628052, 18.251040;	0.961921, 0.091606, 0.257520;	 0.444575, 0.400159
	44.876259, 0.259844, -10.349432;	0.677841, 0.731146, -0.077182;	 0.510529, 0.402690
	51.430260, -21.845442, 4.973907;	-0.031119, -0.541933, -0.839845;	 0.476644, 0.402450
	-44.329494, 0.989016, -4.217731;	-0.587014, 0.505970, 0.631988;	 0.074497, 0.591734
	-23.693100, 16.855721, -62.048557;	-0.483793, -0.095404, -0.869967;	 0.813583, 0.553400
	-16.735346, 26.310127, -63.375900;	-0.590822, -0.624814, 0.510428;	 0.829243, 0.533407
	-22.899141, 31.765844, -47.250420;	-0.369704, 0.928388, -0.037598;	 0.872352, 0.552130
	-16.735346, 26.310127, -63.375900;	-0.590822, -0.624814, 0.510428;	 0.635956, 0.603840
	-23.693100, 16.855721, -62.048557;	-0.483793, -0.095404, -0.869967;	 0.658202, 0.581517
	-2.447768, 21.453316, -65.629150;	0.046447, -0.997988, -0.043167;	 0.656940, 0.637687
	-2.447735, 6.858941, -74.108017;	-0.114770, -0.988392, -0.099548;	 0.983429, 0.641970
	11.215792, 29.903662, -41.398209;	0.136167, -0.906135, 0.400471;	 0.660726, 0.342718
	11.596123, 34.952946, -39.971611;	0.572538, -0.592513, 0.566682;	 0.671763, 0.351662
	23.186090, 24.034887, -57.004841;	0.577642, -0.589370, 0.564777;	 0.615147, 0.351937
	11.215792, 29.903662, -41.398209;	0.136167, -0.906135, 0.400471;	 0.915237, 0.610517
	-2.447788, 34.006382, -36.036598;	0.023762, -0.094849, 0.995208;	 0.953017, 0.622433
	11.596123, 34.952946, -39.971611;	0.572538, -0.592513, 0.566682;	 0.913646, 0.623522
	46.470886, -0.306103, -16.760910;	0.988168, -0.043786, -0.146993;	 0.108260, 0.483023
	39.433716, 0.729632, -3.927109;	0.750765, 0.633265, 0.187958;	 0.115511, 0.467160
	49.330257, 6.091190, -17.204170;	0.836562, -0.020930, 0.547473;	 0.115527, 0.486881
	36.722706, -14.817089, -24.131662;	0.962169, -0.268069, -0.048684;	 0.087834, 0.484973
	-57.764324, -2.242306, -27.588608;	-0.932097, -0.312132, 0.183761;	 0.093304, 0.703079
	-44.329494, 0.989016, -4.217731;	-0.587014, 0.505970, 0.631988;	 0.122604, 0.708542
	-54.561947, -8.327374, -29.007784;	-0.622974, -0.776111, -0.097755;	 0.089288, 0.710480
	-57.764324, -2.242306, -27.588608;	-0.932097, -0.312132, 0.183761;	 0.540449, 0.427853
	-54.561947, -8.327374, -29.007784;	-0.622974, -0.776111, -0.097755;	 0.533843, 0.433979
	-30.706886, -13.269938, -48.242756;	-0.844673, -0.522224, -0.117513;	 0.503640, 0.428018
	-39.850800, -17.214809, -28.060007;	-0.676436, -0.622832, -0.393084;	 0.302317, 0.386587
	-16.639908, 51.942730, -93.983368;	-0.443814, -0.681782, -0.581551;	 0.957313, 0.290066
	-15.026527, 53.394451, -95.948662;	-0.296538, -0.469382, -0.831713;	 0.966862, 0.297377
	-19.871401, 54.664165, -92.488373;	-0.639325, -0.315979, -0.701014;	 0.939663, 0.297938
	-19.033541, 52.800304, -91.659248;	-0.645857, -0.689026, -0.328805;	 0.941966, 0.290105
	-6.861240, 54.328411, -93.403313;	0.636777, -0.359080, -0.682332;	 0.963064, 0.344802
	-8.510605, 58.228954, -94.285469;	0.584552, 0.500299, -0.638749;	 0.966860, 0.359764
	-8.856625, 55.703259, -95.830009;	0.585004, -0.028673, -0.810523;	 0.955718, 0.355934
	-11.617785, 53.306499, -96.188377;	0.178281, -0.537571, -0.824156;	 0.940713, 0.352966
	-11.695078, 55.379986, -96.715363;	0.109958, -0.019112, -0.993752;	 0.900705, 0.320194
	-10.512192, 57.606274, -95.997757;	0.252968, 0.448617, -0.857176;	 0.896577, 0.311520
	-14.612020, 57.536541, -96.189453;	-0.219511, 0.455525, -0.862735;	 0.914774, 0.313499
	-14.954865, 55.463757, -96.485977;	-0.338383, -0.030754, -0.940506;	 0.915243, 0.321256
	-15.594685, 50.821056, -92.409279;	-0.298908, -0.947199, -0.116049;	 0.679729, 0.625839
	-19.033541, 52.800304, -91.659248;	-0.645857, -0.689026, -0.328805;	 0.687912, 0.620775
	-13.386614, 50.694435, -89.912262;	-0.018581, -0.988837, 0.147836;	 0.680483, 0.634426
	-15.026527, 53.394451, -95.948662;	-0.296538, -0.469382, -0.831713;	 0.914509, 0.328886
	-19.587976, 56.672527, -93.174934;	-0.596686, 0.033965, -0.801756;	 0.936462, 0.318764
	-19.871401, 54.664165, -92.488373;	-0.639325, -0.315979, -0.701014;	 0.936700, 0.326259
	-16.038746, 59.770336, -93.695892;	-0.317673, 0.598460, -0.735479;	 0.922255, 0.305894
	-11.703423, 50.636150, -92.907822;	0.214363, -0.942468, -0.256520;	 0.940603, 0.338845
	-7.704356, 52.506481, -92.455429;	0.482596, -0.722598, -0.494927;	 0.957912, 0.338649
	-7.704356, 52.506481, -92.455429;	0.482596, -0.722598, -0.494927;	 0.664332, 0.640456
	-11.703423, 50.636150, -92.907822;	0.214363, -0.942468, -0.256520;	 0.671176, 0.632195
	-11.813393, 59.294262, -95.007988;	0.082469, 0.722811, -0.686107;	 0.903223, 0.305867
	-16.639908, 51.942730, -93.983368;	-0.443814, -0.681782, -0.581551;	 0.939663, 0.303065
	-11.703423, 50.636150, -92.907822;	0.214363, -0.942468, -0.256520;	 0.961923, 0.299774
	-11.617785, 53.306499, -96.188377;	0.178281, -0.537571, -0.824156;	 0.961758, 0.311905
	-15.026527, 53.394451, -95.948662;	-0.296538, -0.469382, -0.831713;	 0.946551, 0.310549
	-11.617785, 53.306499, -96.188377;	0.178281, -0.537571, -0.824156;	 0.899306, 0.327777
	-8.856625, 55.703259, -95.830009;	0.585004, -0.028673, -0.810523;	 0.888247, 0.317813
	-8.510605, 58.228954, -94.285469;	0.584552, 0.500299, -0.638749;	 0.887993, 0.308391
	-8.510605, 58.228954, -94.285469;	0.584552, 0.500299, -0.638749;	 0.681024, 0.346774
	-13.386616, 60.329632, -93.445847;	-0.009765, 0.828943, -0.559248;	 0.694867, 0.346552
	-11.813393, 59.294262, -95.007988;	0.082469, 0.722811, -0.686107;	 0.689850, 0.349922
	-10.512192, 57.606274, -95.997757;	0.252968, 0.448617, -0.857176;	 0.685828, 0.351937
	-16.639908, 51.942730, -93.983368;	-0.443814, -0.681782, -0.581551;	 0.678581, 0.621071
	-16.038746, 59.770336, -93.695892;	-0.317673, 0.598460, -0.735479;	 0.702095, 0.348236
	5.422691, 51.111462, -94.194473;	-0.302801, -0.704324, -0.642059;	 0.904456, 0.330722
	7.242992, 52.667858, -95.882721;	-0.130104, -0.482375, -0.866249;	 0.912337, 0.336723
	1.836445, 53.633221, -93.256737;	-0.497881, -0.350270, -0.793364;	 0.887993, 0.339543
	2.638693, 51.815105, -92.291641;	-0.542446, -0.724507, -0.425255;	 0.891886, 0.332937
	14.820377, 54.073925, -92.057899;	0.758700, -0.317829, -0.568646;	 0.930342, 0.302688
	13.107975, 57.874981, -93.215981;	0.649736, 0.536432, -0.538595;	 0.912579, 0.303419
	13.165377, 55.339092, -94.782471;	0.708917, 0.009314, -0.705230;	 0.920884, 0.294795
	10.644876, 52.783306, -95.568611;	0.340581, -0.522432, -0.781709;	 0.930455, 0.288861
	10.531282, 54.852612, -96.112930;	0.270021, -0.008570, -0.962816;	 0.926680, 0.345248
	11.449543, 57.143047, -95.225922;	0.361461, 0.466154, -0.807494;	 0.930404, 0.353836
	7.445860, 56.833019, -96.077225;	-0.103693, 0.445113, -0.889451;	 0.912548, 0.352138
	7.278074, 54.742718, -96.413498;	-0.179637, -0.046976, -0.982611;	 0.912147, 0.344393
	6.265393, 50.045330, -92.465302;	-0.219503, -0.962768, -0.157787;	 0.728039, 0.380827
	2.638693, 51.815105, -92.291641;	-0.542446, -0.724507, -0.425255;	 0.719676, 0.386157
	8.045592, 50.039925, -89.643913;	0.016856, -0.988811, 0.148218;	 0.727210, 0.372239
	2.107821, 55.661541, -93.900696;	-0.460350, 0.001781, -0.887736;	 0.888868, 0.347073
	5.506201, 58.969646, -93.859192;	-0.229381, 0.581513, -0.780530;	 0.903515, 0.359764
	10.644876, 52.783306, -95.568611;	0.340581, -0.522432, -0.781709;	 0.939663, 0.328886
	10.190113, 50.095959, -92.329041;	0.308884, -0.926785, -0.213681;	 0.944296, 0.313741
	13.945044, 52.200878, -91.248436;	0.598305, -0.690351, -0.406751;	 0.962139, 0.320890
	14.820377, 54.073925, -92.057899;	0.758700, -0.317829, -0.568646;	 0.964728, 0.328757
	13.945044, 52.200878, -91.248436;	0.598305, -0.690351, -0.406751;	 0.743058, 0.366285
	10.190113, 50.095959, -92.329041;	0.308884, -0.926785, -0.213681;	 0.736539, 0.374393
	9.908641, 58.748272, -94.468597;	0.149854, 0.729231, -0.667657;	 0.923244, 0.359554
	5.422691, 51.111462, -94.194473;	-0.302801, -0.704324, -0.642059;	 0.910356, 0.299293
	10.190113, 50.095959, -92.329041;	0.308884, -0.926785, -0.213681;	 0.887993, 0.303419
	10.644876, 52.783306, -95.568611;	0.340581, -0.522432, -0.781709;	 0.888194, 0.291327
	7.242992, 52.667858, -95.882721;	-0.130104, -0.482375, -0.866249;	 0.903457, 0.292098
	10.644876, 52.783306, -95.568611;	0.340581, -0.522432, -0.781709;	 0.927534, 0.337619
	13.165377, 55.339092, -94.782471;	0.708917, 0.009314, -0.705230;	 0.938380, 0.347409
	13.107975, 57.874981, -93.215981;	0.649736, 0.536432, -0.538595;	 0.937700, 0.356769
	13.107975, 57.874981, -93.215981;	0.649736, 0.536432, -0.538595;	 0.983551, 0.623447
	8.045600, 59.683025, -93.186806;	0.032169, 0.829238, -0.557969;	 0.969385, 0.623522
	9.908641, 58.748272, -94.468597;	0.149854, 0.729231, -0.667657;	 0.974598, 0.620209
	11.449543, 57.143047, -95.225922;	0.361461, 0.466154, -0.807494;	 0.978910, 0.618252
	5.422691, 51.111462, -94.194473;	-0.302801, -0.704324, -0.642059;	 0.729100, 0.385701
	5.506201, 58.969646, -93.859192;	-0.229381, 0.581513, -0.780530;	 0.962279, 0.621784
	-0.448296, -78.751617, -165.526657;	0.500001, 0.866025, -0.000000;	 0.008733, 0.334610
	1.551704, -82.215729, -165.526657;	1.000000, -0.000001, 0.000000;	 0.008733, 0.322473
	1.551704, -82.215714, 184.473343;	1.000000, -0.000000, 0.000000;	 0.587319, 0.322473
	-0.448296, -78.751602, 184.473343;	0.500000, 0.866025, -0.000000;	 0.587319, 0.334610
	-4.448296, -78.751617, -165.526657;	-0.500000, 0.866025, -0.000000;	 0.008733, 0.267607
	-0.448296, -78.751617, -165.526657;	0.500001, 0.866025, -0.000000;	 0.008733, 0.253592
	-0.448296, -78.751602, 184.473343;	0.500000, 0.866025, -0.000000;	 0.587319, 0.253592
	-4.448296, -78.751602, 184.473343;	-0.500001, 0.866025, -0.000000;	 0.587319, 0.267607
	-6.448296, -82.215729, -165.526657;	-1.000000, -0.000001, 0.000000;	 0.587319, 0.288971
	-4.448296, -78.751617, -165.526657;	-0.500000, 0.866025, -0.000000;	 0.587319, 0.301109
	-4.448296, -78.751602, 184.473343;	-0.500001, 0.866025, -0.000000;	 0.008733, 0.301109
	-6.448296, -82.215714, 184.473343;	-1.000000, -0.000001, 0.000000;	 0.008733, 0.288971
	-4.448295, -85.679825, -165.526657;	-0.500000, -0.866025, 0.000000;	 0.587319, 0.276834
	-4.448295, -85.679810, 184.473343;	-0.499999, -0.866026, 0.000000;	 0.008733, 0.276834
	-0.448295, -85.679825, -165.526657;	0.499999, -0.866026, 0.000000;	 0.587319, 0.227275
	-4.448295, -85.679825, -165.526657;	-0.500000, -0.866025, 0.000000;	 0.587319, 0.241290
	-4.448295, -85.679810, 184.473343;	-0.499999, -0.866026, 0.000000;	 0.008733, 0.241290
	-0.448295, -85.679810, 184.473343;	0.500000, -0.866025, 0.000000;	 0.008733, 0.227275
	-0.448295, -85.679825, -165.526657;	0.499999, -0.866026, 0.000000;	 0.008733, 0.310335
	-0.448295, -85.679810, 184.473343;	0.500000, -0.866025, 0.000000;	 0.587319, 0.310336
	-6.448296, -82.215729, -165.526657;	0.000000, 0.000000, -1.000000;	 0.008733, 0.202836
	-4.448295, -85.679825, -165.526657;	0.000000, 0.000000, -1.000000;	 0.012039, 0.190698
	-0.448295, -85.679825, -165.526657;	0.000000, 0.000000, -1.000000;	 0.018652, 0.190698
	-0.448296, -78.751617, -165.526657;	0.000000, 0.000000, -1.000000;	 0.018652, 0.214973
	-4.448296, -78.751617, -165.526657;	0.000000, 0.000000, -1.000000;	 0.012039, 0.214973
	1.551704, -82.215729, -165.526657;	0.000000, 0.000000, -1.000000;	 0.021958, 0.202836
~Stream // 256,733,1284


Index i_BabaJaga
	0, 1, 2
	2, 3, 0
	4, 5, 6
	6, 7, 4
	8, 9, 10
	10, 11, 8
	5, 12, 6
	13, 14, 15
	16, 15, 14
	14, 17, 16
	18, 19, 20
	21, 22, 23
	24, 25, 26
	27, 28, 29
	30, 31, 32
	22, 33, 34
	35, 36, 37
	38, 39, 40
	41, 42, 43
	44, 45, 46
	47, 48, 49
	49, 50, 47
	44, 51, 45
	52, 53, 54
	55, 56, 57
	58, 59, 60
	60, 61, 58
	62, 63, 64
	65, 66, 67
	68, 69, 70
	71, 72, 73
	74, 75, 76
	77, 78, 79
	80, 81, 82
	83, 84, 85
	86, 87, 88
	89, 90, 91
	92, 93, 94
	95, 96, 97
	98, 99, 100
	101, 102, 103
	104, 105, 106
	24, 26, 107
	108, 109, 110
	111, 112, 113
	114, 68, 115
	116, 117, 114
	114, 115, 116
	118, 119, 120
	121, 122, 123
	124, 125, 126
	127, 128, 129
	100, 130, 98
	40, 39, 131
	132, 133, 134
	135, 76, 75
	136, 137, 138
	139, 138, 137
	140, 141, 142
	143, 144, 145
	145, 146, 143
	64, 147, 148
	149, 150, 151
	152, 153, 154
	155, 66, 65
	156, 157, 158
	156, 159, 160
	161, 162, 163
	122, 164, 165
	166, 167, 168
	169, 127, 170
	171, 172, 173
	174, 175, 176
	177, 178, 20
	179, 50, 49
	44, 180, 51
	181, 182, 183
	184, 185, 186
	187, 89, 91
	188, 154, 189
	190, 191, 192
	193, 69, 194
	193, 194, 195
	195, 196, 193
	197, 67, 66
	101, 198, 102
	199, 140, 142
	142, 98, 199
	121, 164, 122
	200, 201, 164
	169, 128, 127
	202, 158, 203
	31, 30, 95
	204, 22, 21
	205, 40, 131
	206, 207, 208
	209, 210, 211
	212, 213, 214
	215, 216, 217
	218, 219, 220
	221, 222, 223
	224, 197, 66
	225, 146, 158
	226, 227, 228
	229, 230, 231
	232, 233, 234
	235, 236, 237
	238, 239, 240
	241, 242, 243
	244, 245, 246
	161, 247, 162
	248, 249, 250
	251, 168, 167
	252, 253, 254
	56, 55, 255
	256, 257, 258
	259, 260, 261
	262, 263, 264
	264, 265, 262
	266, 267, 268
	269, 270, 271
	272, 273, 274
	154, 153, 179
	275, 276, 277
	278, 279, 280
	281, 82, 81
	282, 283, 284
	283, 285, 284
	181, 183, 286
	287, 54, 53
	22, 34, 23
	288, 289, 290
	291, 292, 293
	239, 238, 294
	295, 296, 297
	245, 244, 298
	269, 299, 270
	199, 98, 130
	300, 301, 302
	302, 303, 300
	98, 304, 99
	49, 154, 179
	49, 305, 154
	102, 306, 103
	307, 308, 309
	310, 311, 312
	313, 167, 314
	315, 316, 317
	318, 319, 320
	321, 322, 205
	83, 85, 323
	324, 325, 326
	20, 19, 177
	327, 156, 160
	328, 232, 329
	230, 330, 231
	115, 68, 70
	331, 332, 115
	333, 92, 94
	179, 334, 335
	153, 336, 337
	337, 179, 153
	111, 338, 112
	339, 340, 341
	342, 332, 193
	29, 28, 343
	344, 345, 346
	347, 348, 349
	350, 351, 352
	353, 354, 355
	69, 136, 194
	356, 152, 154
	194, 136, 138
	138, 196, 195
	357, 358, 204
	359, 96, 95
	360, 361, 362
	363, 364, 365
	69, 193, 70
	331, 70, 193
	193, 332, 331
	366, 367, 368
	46, 369, 44
	370, 371, 372
	163, 162, 373
	374, 375, 376
	167, 166, 314
	159, 156, 145
	377, 378, 379
	380, 381, 382
	382, 383, 380
	384, 385, 386
	387, 388, 389
	390, 391, 392
	231, 330, 393
	394, 395, 396
	61, 397, 58
	18, 20, 398
	399, 400, 401
	402, 403, 404
	405, 406, 407
	408, 202, 203
	298, 409, 410
	411, 220, 412
	413, 414, 294
	214, 415, 416
	31, 95, 97
	417, 418, 419
	420, 18, 421
	119, 422, 36
	36, 120, 119
	162, 247, 423
	423, 424, 162
	108, 425, 426
	426, 427, 108
	428, 251, 167
	167, 429, 428
	430, 431, 432
	101, 433, 198
	434, 435, 436
	196, 342, 193
	437, 438, 439
	440, 441, 442
	443, 444, 445
	446, 447, 448
	449, 450, 451
	452, 453, 454
	367, 366, 306
	367, 306, 102
	204, 21, 357
	186, 185, 455
	369, 55, 44
	57, 44, 55
	24, 224, 66
	24, 66, 25
	104, 456, 105
	457, 458, 459
	460, 461, 462
	19, 463, 177
	109, 108, 427
	464, 465, 466
	36, 35, 120
	467, 468, 469
	470, 471, 128
	169, 470, 128
	50, 179, 335
	57, 180, 44
	121, 472, 200
	121, 200, 164
	473, 474, 475
	476, 407, 406
	477, 478, 345
	346, 345, 478
	350, 479, 480
	350, 352, 479
	481, 482, 483
	484, 485, 486
	487, 488, 328
	328, 329, 487
	489, 487, 490
	154, 305, 189
	66, 155, 25
	491, 492, 493
	339, 494, 340
	495, 496, 497
	498, 467, 469
	499, 60, 59
	36, 500, 37
	501, 502, 503
	503, 504, 501
	505, 108, 110
	506, 507, 508
	509, 510, 511
	343, 512, 513
	514, 515, 516
	517, 32, 518
	142, 519, 98
	520, 98, 519
	479, 352, 521
	410, 245, 298
	346, 478, 522
	238, 413, 294
	34, 33, 523
	524, 525, 290
	287, 526, 54
	527, 528, 272
	144, 143, 529
	32, 31, 518
	530, 531, 532
	51, 533, 45
	534, 535, 536
	537, 65, 67
	538, 539, 540
	192, 263, 190
	190, 263, 262
	64, 63, 147
	541, 47, 50
	335, 541, 50
	542, 543, 544
	545, 546, 486
	290, 525, 288
	457, 547, 458
	57, 56, 548
	549, 550, 551
	552, 65, 537
	337, 334, 179
	51, 553, 533
	554, 555, 556
	557, 558, 559
	560, 561, 562
	563, 564, 565
	566, 567, 568
	567, 566, 569
	570, 571, 572
	532, 531, 573
	574, 499, 59
	575, 461, 460
	576, 577, 578
	579, 580, 581
	582, 583, 584
	585, 586, 587
	588, 476, 406
	589, 590, 591
	278, 592, 279
	593, 594, 77
	85, 595, 323
	596, 597, 598
	599, 600, 601
	214, 416, 212
	602, 603, 604
	219, 412, 220
	266, 268, 305
	305, 268, 189
	112, 284, 113
	113, 284, 285
	156, 158, 146
	145, 156, 146
	202, 225, 158
	487, 329, 490
	605, 606, 607
	322, 40, 205
	157, 156, 327
	608, 157, 327
	609, 610, 611
	612, 613, 614
	558, 615, 559
	28, 512, 343
	616, 617, 618
	619, 620, 621
	622, 623, 624
	625, 622, 624
	626, 627, 628
	629, 630, 631
	455, 185, 632
	633, 634, 635
	635, 636, 633
	637, 638, 639
	639, 640, 637
	641, 642, 643
	643, 644, 641
	645, 646, 647
	648, 644, 649
	649, 650, 648
	649, 643, 651
	640, 652, 653
	653, 637, 640
	654, 655, 647
	651, 643, 642
	642, 656, 651
	657, 658, 659
	655, 645, 647
	659, 660, 657
	644, 648, 661
	661, 641, 644
	662, 663, 642
	642, 641, 662
	664, 665, 666
	666, 667, 664
	645, 655, 668
	668, 646, 645
	669, 666, 665
	649, 644, 643
	662, 641, 661
	670, 671, 672
	672, 673, 670
	674, 675, 676
	676, 677, 674
	678, 679, 680
	680, 681, 678
	682, 683, 684
	671, 681, 685
	685, 672, 671
	685, 680, 686
	687, 688, 689
	689, 690, 687
	691, 692, 684
	686, 680, 679
	679, 693, 686
	694, 695, 696
	692, 682, 684
	696, 697, 694
	681, 671, 698
	698, 678, 681
	699, 700, 679
	679, 678, 699
	701, 702, 703
	703, 704, 701
	682, 692, 705
	705, 683, 682
	706, 703, 702
	685, 681, 680
	699, 678, 698
	707, 708, 709
	709, 710, 707
	711, 712, 713
	713, 714, 711
	715, 716, 717
	717, 718, 715
	719, 715, 718
	718, 720, 719
	721, 722, 723
	723, 724, 721
	708, 725, 726
	726, 709, 708
	727, 728, 729
	730, 731, 727
	730, 727, 729
	730, 729, 732
~Index

