// Hoe text model file	1.00
// Gejza'x	
// "budriky.max" - Sat Aug 05 13:59:43 2006

Stream s_Sphere01[xyz|normal|tex2]
	-4.234735, -0.030034, 2.816522;	-0.538017, -0.838239, 0.088844;	 0.333333, 0.000000
	-4.234735, -0.030034, 2.816522;	-0.538017, -0.838239, 0.088844;	 0.416667, 0.000000
	-4.234735, -0.030034, 2.816522;	-0.538017, -0.838239, 0.088844;	 0.000000, 0.000000
	-3.110579, 0.791204, 4.179182;	-0.153609, -0.945887, 0.285836;	 0.416667, 0.333333
	-2.386033, 1.183158, 3.293258;	-0.705708, -0.231114, 0.669748;	 0.291667, 0.722222
	-2.386033, 1.183158, 3.293258;	-0.705708, -0.231114, 0.669748;	 0.000000, 1.000000
	-2.863442, 0.892805, 2.287403;	-0.629231, -0.776827, 0.024668;	 0.211507, 0.639504
	-2.863442, 0.892805, 2.287403;	-0.629231, -0.776827, 0.024668;	 1.000000, 0.500000
	-3.472152, -0.030034, 4.419926;	-0.215390, -0.928133, 0.303607;	 0.500000, 0.333333
	-3.472152, -0.030034, 1.587793;	-0.113633, -0.939006, -0.324584;	 0.000000, 0.333333
	-1.562515, -0.030034, 4.419926;	0.094364, -0.912730, 0.397516;	 0.500000, 0.666667
	-1.562515, -0.030034, 4.419926;	0.094364, -0.912730, 0.397516;	 1.000000, 0.666667
	-1.562515, -0.030033, 2.766131;	0.120710, -0.973221, -0.195625;	 0.000000, 0.666667
~Stream // 8,13,27

Index i_Sphere01
	0, 3, 4
	4, 6, 0
	8, 3, 1
	7, 9, 2
	3, 8, 10
	10, 4, 3
	7, 12, 9
	11, 12, 5
	12, 7, 5
~Index

Stream s_Sphere02[xyz|normal|tex2]
	1.664658, 0.041145, 0.965634;	0.867027, -0.497596, -0.025721;	 0.333333, 0.000000
	1.664658, 0.041145, 0.965634;	0.867027, -0.497596, -0.025721;	 0.416667, 0.000000
	1.664658, 0.041145, 0.965634;	0.867027, -0.497596, -0.025721;	 0.000000, 0.000000
	2.163637, 1.629499, 2.307322;	0.829854, -0.555333, 0.054296;	 0.416667, 0.333333
	2.995282, 2.387576, 1.836161;	0.996382, -0.062718, 0.057349;	 0.291667, 0.722222
	2.995282, 2.387576, 1.836161;	0.996382, -0.062718, 0.057349;	 0.000000, 1.000000
	2.906868, 1.826005, 0.942909;	0.913943, -0.403515, -0.043407;	 0.211507, 0.639504
	2.906868, 1.826005, 0.942909;	0.913943, -0.403515, -0.043407;	 1.000000, 0.500000
	1.806834, 0.041144, 2.389969;	0.775828, -0.627983, 0.061061;	 0.500000, 0.333333
	2.625622, 0.041145, 0.245371;	0.838158, -0.538860, -0.084389;	 0.000000, 0.333333
	3.323688, 0.041145, 2.916287;	0.828717, -0.549826, 0.104502;	 0.500000, 0.666667
	3.323688, 0.041145, 2.916287;	0.828717, -0.549826, 0.104502;	 1.000000, 0.666667
	3.801811, 0.041145, 1.663972;	0.795520, -0.604755, -0.037677;	 0.000000, 0.666667
~Stream // 8,13,27

Index i_Sphere02
	0, 3, 4
	4, 6, 0
	8, 3, 1
	7, 9, 2
	3, 8, 10
	10, 4, 3
	7, 12, 9
	11, 12, 5
	12, 7, 5
~Index

Stream s_Sphere03[xyz|normal|tex2]
	-5.861757, -0.000755, -1.903863;	-0.927333, -0.210629, 0.309335;	 0.333333, 0.000000
	-5.861757, -0.000755, -1.903863;	-0.927333, -0.210629, 0.309335;	 0.416667, 0.000000
	-5.861757, -0.000755, -1.903863;	-0.927333, -0.210629, 0.309335;	 0.000000, 0.000000
	-7.598811, 0.820483, -2.225127;	-0.927075, -0.236972, 0.290477;	 0.416667, 0.333333
	-7.584385, 1.212436, -1.080741;	-0.960931, -0.025255, 0.275634;	 0.291667, 0.722222
	-7.584385, 1.212436, -1.080741;	-0.960931, -0.025255, 0.275634;	 0.000000, 1.000000
	-6.572116, 0.922084, -0.617084;	-0.929872, -0.166421, 0.328088;	 0.211507, 0.639504
	-6.572116, 0.922084, -0.617084;	-0.929872, -0.166421, 0.328088;	 1.000000, 0.500000
	-7.476577, -0.000755, -2.641963;	-0.924690, -0.276892, 0.261304;	 0.500000, 0.333333
	-5.656117, -0.000755, -0.472423;	-0.864071, -0.254900, 0.434060;	 0.000000, 0.333333
	-8.939445, -0.000755, -1.414471;	-0.930892, -0.231584, 0.282504;	 0.500000, 0.666667
	-8.939445, -0.000755, -1.414471;	-0.930892, -0.231584, 0.282504;	 1.000000, 0.666667
	-7.876406, -0.000755, -0.147591;	-0.857027, -0.293908, 0.423229;	 0.000000, 0.666667
~Stream // 8,13,27

Index i_Sphere03
	0, 3, 4
	4, 6, 0
	8, 3, 1
	7, 9, 2
	3, 8, 10
	10, 4, 3
	7, 12, 9
	11, 12, 5
	12, 7, 5
~Index

Stream s_Sphere04[xyz|normal|tex2]
	-3.296675, 0.015432, -4.857893;	0.348771, -0.318191, -0.881540;	 0.333333, 0.000000
	-3.296675, 0.015432, -4.857893;	0.348771, -0.318191, -0.881540;	 0.416667, 0.000000
	-3.296675, 0.015432, -4.857893;	0.348771, -0.318191, -0.881540;	 0.000000, 0.000000
	-2.452837, 1.197564, -3.516206;	0.448384, -0.397749, -0.800467;	 0.416667, 0.333333
	-1.046420, 1.761763, -3.987367;	0.420416, -0.041895, -0.906364;	 0.291667, 0.722222
	-1.046420, 1.761763, -3.987367;	0.420416, -0.041895, -0.906364;	 0.000000, 1.000000
	-1.195939, 1.343814, -4.880619;	0.361407, -0.248481, -0.898689;	 0.211507, 0.639504
	-1.195939, 1.343814, -4.880619;	0.361407, -0.248481, -0.898689;	 1.000000, 0.500000
	-3.056238, 0.015432, -3.433559;	0.397431, -0.462573, -0.792512;	 0.500000, 0.333333
	-1.671561, 0.015432, -5.578157;	0.475157, -0.353626, -0.805714;	 0.000000, 0.333333
	-0.491044, 0.015432, -2.907240;	0.526499, -0.415572, -0.741687;	 0.500000, 0.666667
	-0.491044, 0.015432, -2.907240;	0.526499, -0.415572, -0.741687;	 1.000000, 0.666667
	0.317524, 0.015432, -4.159556;	0.531083, -0.424545, -0.733289;	 0.000000, 0.666667
~Stream // 8,13,27

Index i_Sphere04
	0, 3, 4
	4, 6, 0
	8, 3, 1
	7, 9, 2
	3, 8, 10
	10, 4, 3
	7, 12, 9
	11, 12, 5
	12, 7, 5
~Index

Stream s_Sphere05[xyz|normal|tex2]
	2.828247, 0.015432, -4.617105;	0.969173, -0.093055, -0.228131;	 0.500000, 0.333333
	3.970014, 0.320289, -4.283719;	0.969140, 0.017585, -0.245882;	 0.416667, 0.333333
	3.580976, 0.015432, -5.849962;	0.932908, -0.294965, -0.206586;	 0.416667, 0.000000
	3.580976, 0.015432, -5.849962;	0.932908, -0.294965, -0.206586;	 0.000000, 0.000000
	3.580976, 0.015432, -5.849962;	0.932908, -0.294965, -0.206586;	 0.333333, 0.000000
	4.749868, 0.686373, -3.912858;	0.954882, -0.234217, -0.182601;	 1.000000, 0.500000
	5.280110, 0.015432, -5.327736;	0.949887, -0.235792, -0.205224;	 0.000000, 0.333333
	5.851103, 0.015432, -2.952267;	0.959496, -0.238638, -0.149732;	 0.000000, 0.666667
	3.923807, 0.027798, -3.071423;	0.953731, -0.243357, -0.176562;	 0.500000, 0.666667
~Stream // 7,9,21

Index i_Sphere05
	0, 1, 2
	5, 6, 3
	5, 7, 6
	8, 7, 5
	1, 0, 8
	1, 8, 5
	4, 1, 5
~Index

