// Hoe text model file	1.00
// Gejza'x	
// "budr_exp.max" - Sat Aug 05 05:10:23 2006

Stream s_Box01[xyz|normal|tex2]
	-2.754885, 2.062208, -4.107625;	-0.799429, 0.019953, -0.600429;	 1.000000, 0.100000
	-2.754885, 2.062208, -4.107625;	-0.799429, 0.019953, -0.600429;	 0.100000, 0.100000
	-2.754885, 2.062208, -4.107625;	-0.799429, 0.019953, -0.600429;	 0.100000, 1.000000
	-4.963569, 1.784409, -0.634221;	-0.824090, 0.006136, -0.566425;	 0.627940, 0.436030
	-3.210874, 2.941089, -0.831011;	-0.810955, 0.052366, -0.582761;	 0.800000, 0.000000
	-3.210874, 2.941089, -0.831011;	-0.810955, 0.052366, -0.582761;	 0.000000, 0.800000
	0.601824, 2.443448, 2.818933;	-0.779015, 0.053103, -0.624753;	 0.800000, 0.050000
	0.601824, 2.443448, 2.818933;	-0.779015, 0.053103, -0.624753;	 0.100000, 0.100000
	0.601824, 2.443448, 2.818933;	-0.779015, 0.053103, -0.624753;	 0.950000, 0.200000
	2.782656, 2.352872, 1.730908;	-0.776826, 0.052314, -0.627539;	 0.800000, 0.200000
	3.194246, 1.604533, -1.433483;	-0.749794, 0.021472, -0.661323;	 0.200000, 0.600000
	1.330749, 2.607595, -2.206582;	-0.764673, 0.062753, -0.641356;	 0.400000, 0.000000
	1.330749, 2.607595, -2.206582;	-0.764673, 0.062753, -0.641356;	 1.000000, 0.600000
	1.330749, 2.607595, -2.206582;	-0.764673, 0.062753, -0.641356;	 0.900000, 0.100000
	-2.754885, 0.000000, -4.476899;	-0.759824, -0.019147, -0.649847;	 0.100000, 0.900000
	-2.754885, 0.000000, -4.476899;	-0.759824, -0.019147, -0.649847;	 1.000000, 0.900000
	-0.230169, 1.769913, -5.737596;	-0.666332, 0.054366, -0.743670;	 0.400000, 0.600000
	-0.230169, 1.769913, -5.737596;	-0.666332, 0.054366, -0.743670;	 0.603679, 1.127776
	1.914702, 0.000000, -4.476899;	-0.711686, -0.030592, -0.701831;	 0.900000, 0.900000
	1.914702, 0.000000, -4.476899;	-0.711686, -0.030592, -0.701831;	 0.000000, 0.900000
	-0.830324, 2.207831, 5.176887;	-0.826531, 0.028788, -0.562154;	 0.600000, 0.400000
	-3.045186, 2.252563, 2.373167;	-0.819246, 0.088074, -0.566639;	 0.900000, 0.100000
	-3.045186, 2.252563, 2.373167;	-0.819246, 0.088074, -0.566639;	 0.100000, 0.000000
	-3.045186, 2.252563, 2.373167;	-0.819246, 0.088074, -0.566639;	 0.200000, 0.250000
	-3.338583, 1.590234, 3.828678;	-0.840912, 0.078090, -0.535508;	 1.000000, 0.800000
	-3.338583, 1.590234, 3.828678;	-0.840912, 0.078090, -0.535508;	 0.000000, 0.800000
	-3.338583, -0.145807, -2.815784;	-0.815422, -0.009039, -0.578796;	 0.800000, 1.000000
	-0.878570, 3.583844, -0.906641;	-0.779342, 0.059285, -0.623788;	 0.200000, 0.400000
	-0.771012, 2.919471, -3.858846;	-0.774722, 0.079981, -0.627223;	 0.600000, 1.000000
	-0.771012, 2.919471, -3.858846;	-0.774722, 0.079981, -0.627223;	 0.600000, 0.000000
	2.498400, 1.210838, 3.828678;	-0.783984, 0.045808, -0.619089;	 0.000000, 0.800000
	2.498400, 1.210838, 3.828678;	-0.783984, 0.045808, -0.619089;	 1.000000, 0.800000
	3.362996, 1.114270, 2.167562;	-0.763825, -0.006720, -0.645389;	 0.800000, 0.600000
	1.125887, 0.000000, 4.087503;	-0.775023, -0.032893, -0.631076;	 0.900000, 1.000000
	1.125887, 0.000000, 4.087503;	-0.775023, -0.032893, -0.631076;	 -0.183820, 1.177919
	1.125887, 0.000000, 4.087503;	-0.775023, -0.032893, -0.631076;	 0.250000, 0.900000
	2.498400, 0.000000, -2.234641;	-0.747935, -0.017622, -0.663538;	 0.200000, 1.000000
	2.283709, 1.600601, -4.380731;	-0.648656, 0.087867, -0.755992;	 1.000000, 0.400000
	2.283709, 1.600601, -4.380731;	-0.648656, 0.087867, -0.755992;	 0.000000, 0.400000
	-2.754885, 0.000000, 2.998120;	-0.834036, -0.022510, -0.551250;	 0.100000, 1.000000
~Stream // 22,40,108

Index i_Box01
	0, 3, 4
	6, 9, 10
	10, 11, 6
	14, 1, 16
	16, 18, 14
	20, 7, 21
	21, 24, 20
	3, 26, 25
	0, 15, 26
	26, 3, 0
	5, 22, 27
	27, 28, 5
	30, 7, 20
	8, 12, 28
	28, 27, 8
	32, 33, 36
	36, 10, 32
	18, 16, 37
	16, 29, 13
	13, 37, 16
	2, 5, 28
	28, 17, 2
	32, 9, 6
	6, 31, 32
	25, 26, 39
	39, 34, 25
	38, 11, 10
	10, 36, 19
	19, 38, 10
	27, 22, 8
	35, 30, 20
	20, 24, 35
	32, 31, 33
	9, 32, 10
	23, 4, 3
	3, 25, 23
~Index

