// Hoe text model file	1.00
// Gejza'x	
// "Drevorubec_exp.max" - Mon Jul 31 15:12:12 2006

// Mat: Standard
Material m_dum
 Texture = "drevorubec"
~Material 

Stream s_dum[xyz|normal|tex2]
	12.948100, 0.391272, 19.176210;	0.312931, 0.939190, 0.141406;	 0.962790, 0.568793
	12.948100, 0.391272, -14.645661;	0.196168, 0.914218, -0.354576;	 0.593372, 0.568793
	-15.236794, 0.391272, -14.645661;	-0.312931, 0.939190, -0.141406;	 0.593372, 0.245612
	-15.236794, 0.391272, 19.176210;	-0.196168, 0.914218, 0.354576;	 0.962790, 0.245612
	-15.704237, -0.067057, 19.737144;	-0.521408, 0.820135, 0.235612;	 0.968917, 0.240252
	-15.704237, -0.067057, -15.206594;	-0.260704, 0.842604, -0.471224;	 0.587245, 0.240252
	13.415544, -0.067057, 19.737144;	0.260704, 0.842604, 0.471224;	 0.968917, 0.574152
	13.415544, -0.067057, -15.206594;	0.521408, 0.820135, -0.235612;	 0.587245, 0.574152
	-1.052771, 1.087955, 15.296530;	0.399136, 0.505666, 0.764848;	 0.581692, 0.931403
	-1.052771, 1.087955, 15.296530;	0.399136, 0.505666, 0.764848;	 0.894362, 0.700764
	-4.698528, 1.087955, 11.013752;	-0.034980, 0.729260, -0.683342;	 0.752472, 0.927577
	-4.698528, 1.087955, 11.013752;	-0.034980, 0.729260, -0.683342;	 0.891071, 0.829042
	-4.698528, 1.087955, 11.013752;	-0.034980, 0.729260, -0.683342;	 0.967278, 0.863047
	-4.908701, 0.984955, 11.203252;	-0.878574, 0.477580, -0.005033;	 0.752427, 0.935876
	-4.908701, 0.984955, 11.203252;	-0.878574, 0.477580, -0.005033;	 0.967251, 0.869910
	-4.908701, 0.984955, 11.203252;	-0.878574, 0.477580, -0.005033;	 0.829617, 0.599961
	-1.164602, 0.827150, 15.397360;	-0.462045, 0.059797, 0.884839;	 0.581667, 0.935819
	-1.164602, 0.827150, 15.397360;	-0.462045, 0.059797, 0.884839;	 0.957092, 0.599931
	-1.164602, 0.827150, 15.397360;	-0.462045, 0.059797, 0.884839;	 0.885746, 0.700949
	-1.105098, 0.688379, 15.343709;	0.064746, -0.670796, 0.738810;	 0.752415, 0.872505
	-1.105098, 0.688379, 15.343709;	0.064746, -0.670796, 0.738810;	 0.955622, 0.595806
	-1.105098, 0.688379, 15.343709;	0.064746, -0.670796, 0.738810;	 0.882511, 0.697810
	-4.929367, 0.827150, 11.221885;	-0.870690, -0.376209, 0.316805;	 0.581667, 0.869567
	-4.929367, 0.827150, 11.221885;	-0.870690, -0.376209, 0.316805;	 0.971268, 0.872505
	-4.929367, 0.827150, 11.221885;	-0.870690, -0.376209, 0.316805;	 0.830361, 0.595357
	-4.758032, 0.633573, 11.067403;	-0.512427, -0.643755, -0.568329;	 0.581892, 0.862805
	-4.758032, 0.633573, 11.067403;	-0.512427, -0.643755, -0.568329;	 0.752480, 0.773148
	-4.758032, 0.633573, 11.067403;	-0.512427, -0.643755, -0.568329;	 0.978846, 0.870520
	-0.881436, 0.688379, 15.142047;	0.728187, -0.670796, 0.140628;	 0.752708, 0.863679
	-0.881436, 0.688379, 15.142047;	0.728187, -0.670796, 0.140628;	 0.581689, 0.776343
	-0.881436, 0.688379, 15.142047;	0.728187, -0.670796, 0.140628;	 0.885049, 0.691726
	-4.586697, 0.827150, 10.912920;	0.404027, -0.284565, -0.869359;	 0.752418, 0.781915
	-4.586697, 0.827150, 10.912920;	0.404027, -0.284565, -0.869359;	 0.891050, 0.820237
	-4.586697, 0.827150, 10.912920;	0.404027, -0.284565, -0.869359;	 0.975884, 0.863499
	-0.821932, 0.827150, 15.088396;	0.990441, 0.102113, -0.092735;	 0.581667, 0.780920
	-0.821932, 0.827150, 15.088396;	0.990441, 0.102113, -0.092735;	 0.720295, 0.820560
	-0.821932, 0.827150, 15.088396;	0.990441, 0.102113, -0.092735;	 0.889634, 0.691628
	-4.399894, 0.335104, 11.736330;	0.323643, -0.587922, 0.741352;	 0.859928, 0.841822
	-4.399894, 0.335104, 11.736330;	0.323643, -0.587922, 0.741352;	 0.716586, 0.721624
	-4.399894, 0.335104, 11.736330;	0.323643, -0.587922, 0.741352;	 0.969745, 0.914154
	-1.988233, 3.655882, 9.469502;	0.965300, -0.243159, -0.095238;	 0.984565, 0.839958
	-1.988233, 3.655882, 9.469502;	0.965300, -0.243159, -0.095238;	 0.838693, 0.723235
	-1.988233, 3.655882, 9.469502;	0.965300, -0.243159, -0.095238;	 0.969221, 0.930923
	-2.032444, 3.768583, 9.601748;	0.709782, 0.670184, 0.216943;	 0.986593, 0.842919
	-2.032444, 3.768583, 9.601748;	0.709782, 0.670184, 0.216943;	 0.969290, 0.935011
	-4.535995, 0.447805, 11.766662;	-0.081473, 0.215013, 0.973207;	 0.860351, 0.846987
	-4.535995, 0.447805, 11.766662;	-0.081473, 0.215013, 0.973207;	 0.969300, 0.910088
	-4.713624, 0.335104, 11.388373;	-0.771200, -0.599411, -0.214378;	 0.582290, 0.636417
	-4.713624, 0.335104, 11.388373;	-0.771200, -0.599411, -0.214378;	 0.981329, 0.906174
	-4.713624, 0.335104, 11.388373;	-0.771200, -0.599411, -0.214378;	 0.582380, 0.723235
	-2.346175, 3.768583, 9.253792;	-0.524679, 0.334277, -0.782924;	 0.708910, 0.639888
	-2.346175, 3.768583, 9.253792;	-0.524679, 0.334277, -0.782924;	 0.981562, 0.928057
	-2.346175, 3.768583, 9.253792;	-0.524679, 0.334277, -0.782924;	 0.705152, 0.720977
	-2.210074, 3.655882, 9.223460;	0.323628, 0.082269, -0.942601;	 0.708287, 0.645035
	-2.210074, 3.655882, 9.223460;	0.323628, 0.082269, -0.942601;	 0.842990, 0.717332
	-2.210074, 3.655882, 9.223460;	0.323628, 0.082269, -0.942601;	 0.977899, 0.926005
	-4.577523, 0.222402, 11.358042;	-0.318467, -0.771927, -0.550188;	 0.581667, 0.641563
	-4.577523, 0.222402, 11.358042;	-0.318467, -0.771927, -0.550188;	 0.981774, 0.910241
	-3.228592, 2.845208, 9.688402;	0.429819, -0.249180, -0.867851;	 0.902848, 0.893299
	-3.228592, 2.845208, 9.688402;	0.429819, -0.249180, -0.867851;	 0.921330, 0.986621
	-3.228592, 2.845208, 9.688402;	0.429819, -0.249180, -0.867851;	 0.890415, 0.640698
	0.536173, 2.845208, 13.863877;	0.987931, 0.111270, -0.107759;	 0.732099, 0.892293
	0.536173, 2.845208, 13.863877;	0.987931, 0.111270, -0.107759;	 0.929553, 0.641099
	0.536173, 2.845208, 13.863877;	0.987931, 0.111270, -0.107759;	 0.719657, 0.640698
	0.485216, 2.679565, 13.909822;	0.804377, -0.521981, 0.283748;	 0.732120, 0.887206
	0.485216, 2.679565, 13.909822;	0.804377, -0.521981, 0.283748;	 0.934215, 0.904553
	0.485216, 2.679565, 13.909822;	0.804377, -0.521981, 0.283748;	 0.928005, 0.636241
	-3.402570, 2.610954, 9.845267;	-0.330770, -0.792275, -0.512729;	 0.902920, 0.883676
	-3.402570, 2.610954, 9.845267;	-0.330770, -0.792275, -0.512729;	 0.763384, 0.904121
	-3.402570, 2.610954, 9.845267;	-0.330770, -0.792275, -0.512729;	 0.914215, 0.981519
	0.239174, 3.010851, 14.131663;	0.078161, 0.582954, 0.808737;	 0.763407, 0.960376
	0.239174, 3.010851, 14.131663;	0.078161, 0.582954, 0.808737;	 0.920533, 0.645956
	0.239174, 3.010851, 14.131663;	0.078161, 0.582954, 0.808737;	 0.931298, 0.781915
	-3.402570, 3.079462, 9.845267;	-0.219453, 0.944775, -0.243395;	 0.934189, 0.956391
	-3.402570, 3.079462, 9.845267;	-0.219453, 0.944775, -0.243395;	 0.928445, 0.981519
	-3.525591, 3.010851, 9.956187;	-0.845573, 0.370827, -0.384048;	 0.934162, 0.961248
	-3.525591, 3.010851, 9.956187;	-0.845573, 0.370827, -0.384048;	 0.926361, 0.977912
	-3.525591, 3.010851, 9.956187;	-0.845573, 0.370827, -0.384048;	 0.760541, 0.781915
	-3.572146, 3.609200, 10.674588;	-0.775750, -0.220779, 0.591159;	 0.867336, 0.805655
	-3.572146, 3.609200, 10.674588;	-0.775750, -0.220779, 0.591159;	 0.972493, 0.961248
	-3.572146, 3.609200, 10.674588;	-0.775750, -0.220779, 0.591159;	 0.709547, 0.852429
	-1.278273, 0.222402, 8.383314;	-0.645941, -0.694301, -0.317343;	 0.991317, 0.798614
	-1.278273, 0.222402, 8.383314;	-0.645941, -0.694301, -0.317343;	 0.922408, 0.823204
	-1.204697, 0.175720, 8.540007;	0.230487, -0.950625, -0.207816;	 0.990105, 0.803264
	-1.204697, 0.175720, 8.540007;	0.230487, -0.950625, -0.207816;	 0.582928, 0.848958
	-1.204697, 0.175720, 8.540007;	0.230487, -0.950625, -0.207816;	 0.925511, 0.827301
	-0.949696, 0.494487, 8.310088;	0.741654, 0.052791, -0.668702;	 0.581667, 0.796003
	-0.949696, 0.494487, 8.310088;	0.741654, 0.052791, -0.668702;	 0.931778, 0.819254
	-0.949696, 0.494487, 8.310088;	0.741654, 0.052791, -0.668702;	 0.734826, 0.683452
	-3.465410, 3.881284, 10.355319;	-0.367380, 0.904332, -0.217293;	 0.701773, 0.792291
	-3.465410, 3.881284, 10.355319;	-0.367380, 0.904332, -0.217293;	 0.981751, 0.957058
	-3.465410, 3.881284, 10.355319;	-0.367380, 0.904332, -0.217293;	 0.862921, 0.680205
	-3.243569, 3.881284, 10.601361;	0.367049, 0.869558, 0.330369;	 0.705838, 0.798345
	-3.243569, 3.881284, 10.601361;	0.367049, 0.869558, 0.330369;	 0.973550, 0.951429
	-0.920331, 0.335104, 8.599025;	0.873793, -0.311369, 0.373543;	 0.582380, 0.805655
	-0.920331, 0.335104, 8.599025;	0.873793, -0.311369, 0.373543;	 0.582290, 0.839418
	-0.920331, 0.335104, 8.599025;	0.873793, -0.311369, 0.373543;	 0.934332, 0.827406
	0.859477, 2.610954, 13.572374;	0.561987, -0.657168, 0.502296;	 0.752498, 0.981766
	0.859477, 2.610954, 13.572374;	0.561987, -0.657168, 0.502296;	 0.939193, 0.981519
	-3.028309, 2.679565, 9.507820;	-0.796357, -0.582953, -0.161184;	 0.581667, 0.981334
	-3.028309, 2.679565, 9.507820;	-0.796357, -0.582953, -0.161184;	 0.763456, 0.863530
	-3.028309, 2.679565, 9.507820;	-0.796357, -0.582953, -0.161184;	 0.945079, 0.821827
	-2.782267, 2.679565, 9.285978;	0.225373, -0.652103, -0.723857;	 0.581990, 0.971625
	-2.782267, 2.679565, 9.285978;	0.225373, -0.652103, -0.723857;	 0.991203, 0.755651
	-2.782267, 2.679565, 9.285978;	0.225373, -0.652103, -0.723857;	 0.945079, 0.829042
	1.033455, 2.845208, 13.415509;	0.991732, -0.097684, -0.083219;	 0.752726, 0.974900
	1.033455, 2.845208, 13.415509;	0.991732, -0.097684, -0.083219;	 0.946307, 0.976417
	1.033455, 2.845208, 13.415509;	0.991732, -0.097684, -0.083219;	 0.865779, 0.760508
	-2.782267, 3.010851, 9.285978;	0.022199, 0.650241, -0.759403;	 0.752476, 0.904548
	-2.782267, 3.010851, 9.285978;	0.022199, 0.650241, -0.759403;	 0.991203, 0.765366
	-2.782267, 3.010851, 9.285978;	0.022199, 0.650241, -0.759403;	 0.955141, 0.829042
	0.736456, 3.010851, 13.683295;	0.142129, 0.617405, 0.773699;	 0.581667, 0.913390
	0.736456, 3.010851, 13.683295;	0.142129, 0.617405, 0.773699;	 0.951338, 0.985127
	0.736456, 3.010851, 13.683295;	0.142129, 0.617405, 0.773699;	 0.934213, 0.872505
	0.982498, 3.010851, 13.461454;	0.698698, 0.712556, 0.063916;	 0.581721, 0.903675
	0.982498, 3.010851, 13.461454;	0.698698, 0.712556, 0.063916;	 0.951338, 0.977912
	0.982498, 3.010851, 13.461454;	0.698698, 0.712556, 0.063916;	 0.864383, 0.765366
	-2.316810, 3.927966, 9.542729;	-0.142461, 0.874386, 0.463848;	 0.985587, 0.852429
	-2.316810, 3.927966, 9.542729;	-0.142461, 0.874386, 0.463848;	 0.704439, 0.711325
	-2.316810, 3.927966, 9.542729;	-0.142461, 0.874386, 0.463848;	 0.978065, 0.935876
	-4.684259, 0.494487, 11.677311;	-0.775607, -0.214205, 0.593759;	 0.858922, 0.851331
	-4.684259, 0.494487, 11.677311;	-0.775607, -0.214205, 0.593759;	 0.581667, 0.713583
	-4.684259, 0.494487, 11.677311;	-0.775607, -0.214205, 0.593759;	 0.972508, 0.906067
	-4.429258, 0.175720, 11.447392;	0.033259, -0.996311, 0.079103;	 0.717672, 0.712004
	-4.429258, 0.175720, 11.447392;	0.033259, -0.996311, 0.079103;	 0.978566, 0.914262
	-4.429258, 0.175720, 11.447392;	0.033259, -0.996311, 0.079103;	 0.582928, 0.645956
	-1.401179, 0.702185, 8.040739;	0.161162, -0.553211, -0.817303;	 0.581990, 0.946252
	-1.401179, 0.702185, 8.040739;	0.161162, -0.553211, -0.817303;	 0.752425, 0.620783
	-1.401179, 0.702185, 8.040739;	0.161162, -0.553211, -0.817303;	 0.708487, 0.653738
	-1.401179, 0.702185, 8.040739;	0.161162, -0.553211, -0.817303;	 0.913064, 0.893299
	2.363586, 0.702185, 12.216214;	0.780583, -0.621876, -0.062937;	 0.752660, 0.951539
	2.363586, 0.702185, 12.216214;	0.780583, -0.621876, -0.062937;	 0.581667, 0.620783
	2.363586, 0.702185, 12.216214;	0.780583, -0.621876, -0.062937;	 0.948076, 0.951440
	2.240565, 0.633574, 12.327134;	0.606945, -0.567791, 0.556086;	 0.752498, 0.956393
	2.240565, 0.633574, 12.327134;	0.606945, -0.567791, 0.556086;	 0.944963, 0.954273
	-1.524200, 0.633574, 8.151659;	-0.321025, -0.932814, -0.163712;	 0.581829, 0.951107
	-1.524200, 0.633574, 8.151659;	-0.321025, -0.932814, -0.163712;	 0.910980, 0.889691
	-1.647221, 1.033471, 8.262579;	-0.795538, 0.543713, -0.267387;	 0.933975, 0.935876
	-1.647221, 1.033471, 8.262579;	-0.795538, 0.543713, -0.267387;	 0.923126, 0.886084
	-1.647221, 1.033471, 8.262579;	-0.795538, 0.543713, -0.267387;	 0.760485, 0.626040
	2.117543, 1.033471, 12.438055;	-0.332144, 0.568528, 0.752633;	 0.763220, 0.935003
	2.117543, 1.033471, 12.438055;	-0.332144, 0.568528, 0.752633;	 0.955417, 0.961248
	2.117543, 1.033471, 12.438055;	-0.332144, 0.568528, 0.752633;	 0.931243, 0.626040
	2.240565, 1.102082, 12.327134;	0.490497, 0.567791, 0.661079;	 0.763246, 0.930146
	2.240565, 1.102082, 12.327134;	0.490497, 0.567791, 0.661079;	 0.958530, 0.958415
	-1.524200, 1.102082, 8.151659;	-0.129716, 0.932814, -0.336203;	 0.934002, 0.931018
	-1.524200, 1.102082, 8.151659;	-0.129716, 0.932814, -0.336203;	 0.925210, 0.889691
	-0.464206, 3.768583, 13.865212;	-0.864814, 0.159016, -0.476246;	 0.581988, 0.755694
	-0.464206, 3.768583, 13.865212;	-0.864814, 0.159016, -0.476246;	 0.958553, 0.907386
	-0.464206, 3.768583, 13.865212;	-0.864814, 0.159016, -0.476246;	 0.981409, 0.713725
	1.903243, 0.335104, 11.730632;	-0.032118, -0.472470, -0.880761;	 0.704756, 0.753304
	1.903243, 0.335104, 11.730632;	-0.032118, -0.472470, -0.880761;	 0.854744, 0.712628
	1.903243, 0.335104, 11.730632;	-0.032118, -0.472470, -0.880761;	 0.944775, 0.932890
	1.859031, 0.222402, 11.862877;	-0.642048, -0.633466, -0.431852;	 0.705648, 0.758326
	1.859031, 0.222402, 11.862877;	-0.642048, -0.633466, -0.431852;	 0.947780, 0.935772
	-0.508418, 3.655882, 13.997458;	-0.941221, 0.166005, 0.294187;	 0.582879, 0.760716
	-0.508418, 3.655882, 13.997458;	-0.941221, 0.166005, 0.294187;	 0.957656, 0.911382
	-0.150476, 3.768583, 14.213169;	0.524679, 0.334277, 0.782924;	 0.705152, 0.743263
	-0.150476, 3.768583, 14.213169;	0.524679, 0.334277, 0.782924;	 0.944963, 0.911459
	-0.150476, 3.768583, 14.213169;	0.524679, 0.334277, 0.782924;	 0.708910, 0.819502
	2.216973, 0.335104, 12.078588;	0.771199, -0.599411, 0.214378;	 0.582380, 0.745521
	2.216973, 0.335104, 12.078588;	0.771199, -0.599411, 0.214378;	 0.958474, 0.929169
	2.216973, 0.335104, 12.078588;	0.771199, -0.599411, 0.214378;	 0.582290, 0.816031
	2.261185, 0.447805, 11.946342;	0.982183, 0.140172, 0.125173;	 0.583067, 0.740470
	2.261185, 0.447805, 11.946342;	0.982183, 0.140172, 0.125173;	 0.955469, 0.926287
	-0.106264, 3.881284, 14.080924;	0.202138, 0.905875, 0.372197;	 0.705838, 0.738211
	-0.106264, 3.881284, 14.080924;	0.202138, 0.905875, 0.372197;	 0.945860, 0.907463
	-1.408516, 1.187449, 14.963587;	0.176258, -0.000000, 0.984344;	 0.732163, 0.691326
	-1.408516, 1.187449, 14.963587;	0.176258, -0.000000, 0.984344;	 0.760485, 0.613000
	-1.408516, 1.187449, 14.963587;	0.176258, -0.000000, 0.984344;	 0.945429, 0.893187
	-1.408516, 1.187449, 14.963587;	0.176258, -0.000000, 0.984344;	 0.763474, 0.984226
	2.071047, 1.187449, 11.826283;	0.955046, -0.000000, -0.296458;	 0.874451, 0.692332
	2.071047, 1.187449, 11.826283;	0.955046, -0.000000, -0.296458;	 0.902783, 0.613000
	2.071047, 1.187449, 11.826283;	0.955046, -0.000000, -0.296458;	 0.902358, 0.827471
	2.025102, 1.353092, 11.775325;	0.690333, 0.668233, 0.277317;	 0.874426, 0.697419
	2.025102, 1.353092, 11.775325;	0.690333, 0.668233, 0.277317;	 0.907364, 0.829042
	2.025102, 1.353092, 11.775325;	0.690333, 0.668233, 0.277317;	 0.724017, 0.691234
	-1.565381, 1.421703, 14.789608;	-0.317148, 0.862550, 0.394239;	 0.732077, 0.700949
	-1.565381, 1.421703, 14.789608;	-0.317148, 0.862550, 0.394239;	 0.581694, 0.695364
	-1.565381, 1.421703, 14.789608;	-0.317148, 0.862550, 0.394239;	 0.936568, 0.893299
	-1.676302, 1.353091, 14.666588;	-0.809638, 0.460321, -0.364131;	 0.687350, 0.599961
	-1.676302, 1.353091, 14.666588;	-0.809638, 0.460321, -0.364131;	 0.581667, 0.700222
	-1.676302, 1.353091, 14.666588;	-0.809638, 0.460321, -0.364131;	 0.935957, 0.889210
	1.803261, 1.353092, 11.529283;	-0.130749, 0.750670, -0.647610;	 0.581667, 0.599961
	1.803261, 1.353092, 11.529283;	-0.130749, 0.750670, -0.647610;	 0.723963, 0.700949
	1.803261, 1.353092, 11.529283;	-0.130749, 0.750670, -0.647610;	 0.911661, 0.823139
	1.757316, 1.187449, 11.478326;	0.116501, -0.081022, -0.989880;	 0.583063, 0.595103
	1.757316, 1.187449, 11.478326;	0.116501, -0.081022, -0.989880;	 0.906155, 0.974900
	1.757316, 1.187449, 11.478326;	0.116501, -0.081022, -0.989880;	 0.908435, 0.819123
	-1.676302, 1.021806, 14.666588;	-0.906091, -0.407393, 0.114151;	 0.687350, 0.590246
	-1.676302, 1.021806, 14.666588;	-0.906091, -0.407393, 0.114151;	 0.763863, 0.972506
	-1.676302, 1.021806, 14.666588;	-0.906091, -0.407393, 0.114151;	 0.943956, 0.883317
	0.485216, 3.010851, 13.909822;	0.580850, 0.812852, -0.043407;	 0.763460, 0.950661
	0.485216, 3.010851, 13.909822;	0.580850, 0.812852, -0.043407;	 0.928005, 0.645956
	0.485216, 3.010851, 13.909822;	0.580850, 0.812852, -0.043407;	 0.719657, 0.645956
	-3.279549, 3.010851, 9.734347;	-0.209369, 0.346056, -0.914554;	 0.934215, 0.951534
	-3.279549, 3.010851, 9.734347;	-0.209369, 0.346056, -0.914554;	 0.926361, 0.985127
	-3.279549, 3.010851, 9.734347;	-0.209369, 0.346056, -0.914554;	 0.890415, 0.645956
	0.239174, 2.679565, 14.131663;	-0.103105, -0.812852, 0.573272;	 0.933893, 0.914262
	0.239174, 2.679565, 14.131663;	-0.103105, -0.812852, 0.573272;	 0.920533, 0.636241
	0.239174, 2.679565, 14.131663;	-0.103105, -0.812852, 0.573272;	 0.887305, 0.658195
	-3.525591, 2.679565, 9.956187;	-0.893518, -0.411786, -0.179045;	 0.763223, 0.908976
	-3.525591, 2.679565, 9.956187;	-0.893518, -0.411786, -0.179045;	 0.916299, 0.977912
	-3.525591, 2.679565, 9.956187;	-0.893518, -0.411786, -0.179045;	 0.716548, 0.658195
	2.187609, 0.494487, 11.789651;	0.775607, -0.214205, -0.593759;	 0.581667, 0.735869
	2.187609, 0.494487, 11.789651;	0.775607, -0.214205, -0.593759;	 0.853738, 0.722137
	2.187609, 0.494487, 11.789651;	0.775607, -0.214205, -0.593759;	 0.950212, 0.926183
	-0.179841, 3.927967, 13.924232;	0.251401, 0.881321, -0.400088;	 0.704439, 0.733611
	-0.179841, 3.927967, 13.924232;	0.251401, 0.881321, -0.400088;	 0.950212, 0.904615
	-0.179841, 3.927967, 13.924232;	0.251401, 0.881321, -0.400088;	 0.980403, 0.723235
	1.932608, 0.175720, 12.019569;	0.052536, -0.986840, -0.152925;	 0.704436, 0.762975
	1.932608, 0.175720, 12.019569;	0.052536, -0.986840, -0.152925;	 0.582928, 0.825570
	1.932608, 0.175720, 12.019569;	0.052536, -0.986840, -0.152925;	 0.953037, 0.935876
	-0.434842, 3.609200, 14.154150;	-0.591537, -0.388028, 0.706766;	 0.581667, 0.765366
	-0.434842, 3.609200, 14.154150;	-0.591537, -0.388028, 0.706766;	 0.953304, 0.914230
	-0.434842, 3.609200, 14.154150;	-0.591537, -0.388028, 0.706766;	 0.709547, 0.829042
	1.914181, 1.421703, 11.652305;	0.632367, 0.524426, -0.570165;	 0.723990, 0.696091
	1.914181, 1.421703, 11.652305;	0.632367, 0.524426, -0.570165;	 0.911217, 0.827247
	2.025102, 1.021806, 11.775325;	0.690333, -0.668233, 0.277317;	 0.902783, 0.607743
	2.025102, 1.021806, 11.775325;	0.690333, -0.668233, 0.277317;	 0.905765, 0.986621
	2.025102, 1.021806, 11.775325;	0.690333, -0.668233, 0.277317;	 0.899131, 0.823456
	2.363586, 1.033471, 12.216214;	0.647610, 0.750671, -0.130749;	 0.763273, 0.925288
	2.363586, 1.033471, 12.216214;	0.647610, 0.750671, -0.130749;	 0.957670, 0.954369
	2.363586, 1.033471, 12.216214;	0.647610, 0.750671, -0.130749;	 0.581667, 0.663453
	-1.401179, 1.033471, 8.040739;	-0.075782, 0.325621, -0.942458;	 0.934028, 0.926161
	-1.401179, 1.033471, 8.040739;	-0.075782, 0.325621, -0.942458;	 0.708487, 0.663453
	-1.401179, 1.033471, 8.040739;	-0.075782, 0.325621, -0.942458;	 0.923126, 0.893299
	2.066587, 0.867828, 12.484000;	-0.012080, -0.093286, 0.995566;	 0.752425, 0.613000
	2.066587, 0.867828, 12.484000;	-0.012080, -0.093286, 0.995566;	 0.950153, 0.961208
	2.066587, 0.867828, 12.484000;	-0.012080, -0.093286, 0.995566;	 0.931243, 0.620783
	-1.698179, 0.867828, 8.308524;	-0.918161, 0.128795, 0.374689;	 0.581667, 0.613000
	-1.698179, 0.867828, 8.308524;	-0.918161, 0.128795, 0.374689;	 0.918095, 0.884590
	-1.698179, 0.867828, 8.308524;	-0.918161, 0.128795, 0.374689;	 0.760485, 0.620783
	-1.647221, 0.702185, 8.262579;	-0.888072, -0.346056, -0.302611;	 0.581667, 0.607743
	-1.647221, 0.702185, 8.262579;	-0.888072, -0.346056, -0.302611;	 0.913064, 0.886084
	-1.647221, 0.702185, 8.262579;	-0.888072, -0.346056, -0.302611;	 0.581667, 0.955962
	2.117544, 0.702185, 12.438055;	-0.196868, -0.750671, 0.630663;	 0.752425, 0.607743
	2.117544, 0.702185, 12.438055;	-0.196868, -0.750671, 0.630663;	 0.945823, 0.958319
	2.117544, 0.702185, 12.438055;	-0.196868, -0.750671, 0.630663;	 0.752337, 0.961248
	-1.291954, 0.175720, 14.926954;	-0.052537, -0.986840, 0.152926;	 0.857005, 0.734291
	-1.291954, 0.175720, 14.926954;	-0.052537, -0.986840, 0.152926;	 0.721555, 0.848958
	-1.291954, 0.175720, 14.926954;	-0.052537, -0.986840, 0.152926;	 0.901894, 0.644585
	1.075495, 3.609199, 12.792374;	0.503735, -0.350434, -0.789587;	 0.979603, 0.740975
	1.075495, 3.609199, 12.792374;	0.503735, -0.350434, -0.789587;	 0.848174, 0.852429
	1.075495, 3.609199, 12.792374;	0.503735, -0.350434, -0.789587;	 0.967164, 0.978001
	1.149072, 3.655882, 12.949065;	0.999941, -0.010197, -0.003788;	 0.978026, 0.745521
	1.149072, 3.655882, 12.949065;	0.999941, -0.010197, -0.003788;	 0.842229, 0.734148
	1.149072, 3.655882, 12.949065;	0.999941, -0.010197, -0.003788;	 0.962125, 0.979450
	-1.218378, 0.222403, 15.083648;	0.514394, -0.771927, 0.373534;	 0.855428, 0.738837
	-1.218378, 0.222403, 15.083648;	0.514394, -0.771927, 0.373534;	 0.898475, 0.640729
	-1.546955, 0.494487, 15.156874;	-0.682103, -0.102065, 0.724099;	 0.724030, 0.680515
	-1.546955, 0.494487, 15.156874;	-0.682103, -0.102065, 0.724099;	 0.716586, 0.745521
	-1.546955, 0.494487, 15.156874;	-0.682103, -0.102065, 0.724099;	 0.907505, 0.636099
	0.968759, 3.881284, 13.111642;	0.391834, 0.838944, 0.377675;	 0.581667, 0.683452
	0.968759, 3.881284, 13.111642;	0.391834, 0.838944, 0.377675;	 0.844681, 0.742275
	0.968759, 3.881284, 13.111642;	0.391834, 0.838944, 0.377675;	 0.962086, 0.986569
	0.746918, 3.881284, 12.865600;	-0.569894, 0.814857, -0.105967;	 0.581797, 0.673829
	0.746918, 3.881284, 12.865600;	-0.569894, 0.814857, -0.105967;	 0.972148, 0.986621
	0.746918, 3.881284, 12.865600;	-0.569894, 0.814857, -0.105967;	 0.818869, 0.592651
	-1.620531, 0.447805, 15.000181;	-0.982183, 0.140172, -0.125175;	 0.724078, 0.675429
	-1.620531, 0.447805, 15.000181;	-0.982183, 0.140172, -0.125175;	 0.910924, 0.639955
	-1.620531, 0.447805, 15.000181;	-0.982183, 0.140172, -0.125175;	 0.696098, 0.594909
	-4.126253, 1.190176, 11.949363;	0.337241, -0.249096, 0.907865;	 0.875063, 0.678595
	-4.126253, 1.190176, 11.949363;	0.337241, -0.249096, 0.907865;	 0.964800, 0.884951
	-4.126253, 1.190176, 11.949363;	0.337241, -0.249096, 0.907865;	 0.713708, 0.762971
	-0.692635, 1.024533, 8.761102;	0.690333, -0.668232, 0.277318;	 0.979351, 0.673737
	-0.692635, 1.024533, 8.761102;	0.690333, -0.668232, 0.277318;	 0.944358, 0.871011
	-0.692635, 1.024533, 8.761102;	0.690333, -0.668232, 0.277318;	 0.856000, 0.765366
	-0.646691, 1.190176, 8.812058;	0.983904, 0.176127, -0.030217;	 0.980746, 0.678595
	-0.646691, 1.190176, 8.812058;	0.983904, 0.176127, -0.030217;	 0.724039, 0.880288
	-0.646691, 1.190176, 8.812058;	0.983904, 0.176127, -0.030217;	 0.949389, 0.872505
	-4.172198, 1.355818, 11.898405;	-0.210585, 0.488060, 0.847025;	 0.873668, 0.683452
	-4.172198, 1.355818, 11.898405;	-0.210585, 0.488060, 0.847025;	 0.581732, 0.881572
	-4.172198, 1.355818, 11.898405;	-0.210585, 0.488060, 0.847025;	 0.968026, 0.888967
	-4.439984, 1.190176, 11.601407;	-0.989991, -0.000000, -0.141129;	 0.858928, 0.805655
	-4.439984, 1.190176, 11.601407;	-0.989991, -0.000000, -0.141129;	 0.958723, 0.893299
	-4.439984, 1.190176, 11.601407;	-0.989991, -0.000000, -0.141129;	 0.581667, 0.893299
	-0.914476, 1.355819, 8.515059;	0.207027, 0.407393, -0.889478;	 0.716586, 0.804237
	-0.914476, 1.355819, 8.515059;	0.207027, 0.407393, -0.889478;	 0.954420, 0.863796
	-0.914476, 1.355819, 8.515059;	0.207027, 0.407393, -0.889478;	 0.723974, 0.892014
	-0.914476, 1.024533, 8.515059;	-0.231758, -0.575667, -0.784153;	 0.716933, 0.795268
	-0.914476, 1.024533, 8.515059;	-0.231758, -0.575667, -0.784153;	 0.944358, 0.863796
	-0.914476, 1.024533, 8.515059;	-0.231758, -0.575667, -0.784153;	 0.856323, 0.755656
	-4.283118, 0.955921, 11.775384;	-0.392324, -0.849090, 0.353733;	 0.859275, 0.796686
	-4.283118, 0.955921, 11.775384;	-0.392324, -0.849090, 0.353733;	 0.955940, 0.885175
	-4.283118, 0.955921, 11.775384;	-0.392324, -0.849090, 0.353733;	 0.713937, 0.756105
	-0.803556, 1.424430, 8.638081;	0.432297, 0.900090, -0.054375;	 0.724001, 0.887157
	-0.803556, 1.424430, 8.638081;	0.432297, 0.900090, -0.054375;	 0.956504, 0.867404
	-4.283119, 1.424430, 11.775384;	-0.432296, 0.900091, 0.054376;	 0.581705, 0.886430
	-4.283119, 1.424430, 11.775384;	-0.432296, 0.900091, 0.054376;	 0.967582, 0.893075
	-1.440219, 0.222402, 14.837605;	-0.249006, -0.694301, -0.675235;	 0.720295, 0.844565
	-1.440219, 0.222402, 14.837605;	-0.249006, -0.694301, -0.675235;	 0.906957, 0.645956
	0.791129, 3.768583, 12.733354;	-0.136428, 0.430939, -0.892008;	 0.847537, 0.842890
	0.791129, 3.768583, 12.733354;	-0.136428, 0.430939, -0.892008;	 0.974251, 0.983072
	0.791129, 3.768583, 12.733354;	-0.136428, 0.430939, -0.892008;	 0.818182, 0.597703
	-3.601511, 3.768583, 10.385651;	-0.918950, 0.092493, -0.383375;	 0.867656, 0.795983
	-3.601511, 3.768583, 10.385651;	-0.918950, 0.092493, -0.383375;	 0.981313, 0.961125
	-3.601511, 3.768583, 10.385651;	-0.918950, 0.092493, -0.383375;	 0.862497, 0.675040
	-1.234061, 0.335104, 8.251069;	-0.092483, -0.298957, -0.949774;	 0.990425, 0.793592
	-1.234061, 0.335104, 8.251069;	-0.092483, -0.298957, -0.949774;	 0.922958, 0.819149
	-1.234061, 0.335104, 8.251069;	-0.092483, -0.298957, -0.949774;	 0.735832, 0.673942
	-3.028309, 3.010851, 9.507820;	-0.778702, 0.531590, -0.333220;	 0.752423, 0.914262
	-3.028309, 3.010851, 9.507820;	-0.778702, 0.531590, -0.333220;	 0.955141, 0.821827
	-3.028309, 3.010851, 9.507820;	-0.778702, 0.531590, -0.333220;	 0.763456, 0.872505
	-0.881436, 1.047277, 15.142047;	0.747606, 0.664136, -0.003028;	 0.720306, 0.827396
	-0.881436, 1.047277, 15.142047;	0.747606, 0.664136, -0.003028;	 0.581729, 0.924639
	-0.881436, 1.047277, 15.142047;	0.747606, 0.664136, -0.003028;	 0.895161, 0.695658
	2.414543, 0.867828, 12.170269;	0.997137, 0.000000, 0.075615;	 0.581667, 0.626040
	2.414543, 0.867828, 12.170269;	0.997137, 0.000000, 0.075615;	 0.953340, 0.951480
	2.414543, 0.867828, 12.170269;	0.997137, 0.000000, 0.075615;	 0.583063, 0.658596
	1.914181, 0.953195, 11.652305;	0.307192, -0.767317, -0.562902;	 0.905927, 0.981766
	1.914181, 0.953195, 11.652305;	0.307192, -0.767317, -0.562902;	 0.899575, 0.819347
	-1.565381, 0.953194, 14.789608;	-0.098687, -0.900091, 0.424379;	 0.763702, 0.977360
	-1.565381, 0.953194, 14.789608;	-0.098687, -0.900091, 0.424379;	 0.947880, 0.884964
	-3.576548, 2.845208, 10.002132;	-0.918161, 0.128795, 0.374689;	 0.921330, 0.976417
	-3.576548, 2.845208, 10.002132;	-0.918161, 0.128795, 0.374689;	 0.760541, 0.776657
	-3.576548, 2.845208, 10.002132;	-0.918161, 0.128795, 0.374689;	 0.716548, 0.663453
	-3.423882, 3.655882, 10.763938;	-0.229578, 0.255767, 0.939083;	 0.969278, 0.957232
	-3.423882, 3.655882, 10.763938;	-0.229578, 0.255767, 0.939083;	 0.708287, 0.848036
	-3.287781, 3.768583, 10.733606;	0.348410, 0.348811, 0.870024;	 0.969715, 0.953165
	-3.287781, 3.768583, 10.733606;	0.348410, 0.348811, 0.870024;	 0.708910, 0.842890
	-3.287781, 3.768583, 10.733606;	0.348410, 0.348811, 0.870024;	 0.705152, 0.803396
	-1.056432, 0.222402, 8.629356;	0.142198, -0.757393, 0.637288;	 0.581667, 0.844565
	-1.056432, 0.222402, 8.629356;	0.142198, -0.757393, 0.637288;	 0.930450, 0.829042
	-1.262589, 0.335104, 15.215892;	0.173015, -0.374940, 0.910761;	 0.717592, 0.736012
	-1.262589, 0.335104, 15.215892;	0.173015, -0.374940, 0.910761;	 0.898703, 0.636646
	-1.262589, 0.335104, 15.215892;	0.173015, -0.374940, 0.910761;	 0.855919, 0.743910
	-0.803556, 0.955922, 8.638081;	0.632366, -0.524428, -0.570165;	 0.942274, 0.867404
	-0.803556, 0.955922, 8.638081;	0.632366, -0.524428, -0.570165;	 0.856161, 0.760511
	-2.390387, 3.881284, 9.386037;	-0.202139, 0.905875, -0.372197;	 0.705839, 0.715925
	-2.390387, 3.881284, 9.386037;	-0.202139, 0.905875, -0.372197;	 0.981631, 0.932145
	-4.757836, 0.447805, 11.520619;	-0.982183, 0.140171, -0.125174;	 0.583067, 0.718183
	-4.757836, 0.447805, 11.520619;	-0.982183, 0.140171, -0.125174;	 0.977491, 0.904445
	-0.286577, 3.655882, 14.243501;	-0.296451, 0.365071, 0.882519;	 0.948046, 0.914262
	-0.286577, 3.655882, 14.243501;	-0.296451, 0.365071, 0.882519;	 0.708287, 0.824649
	-0.328105, 3.881284, 13.834881;	-0.531693, 0.835973, -0.135835;	 0.955469, 0.904583
	-0.328105, 3.881284, 13.834881;	-0.531693, 0.835973, -0.135835;	 0.981833, 0.718891
	2.080872, 0.222402, 12.108920;	0.142197, -0.757393, 0.637287;	 0.581667, 0.821178
	2.080872, 0.222402, 12.108920;	0.142197, -0.757393, 0.637287;	 0.957466, 0.933141
	0.685499, 2.845208, 13.729239;	-0.209114, -0.111269, 0.971540;	 0.946307, 0.986621
	0.685499, 2.845208, 13.729239;	-0.209114, -0.111269, 0.971540;	 0.934213, 0.868788
	0.736456, 2.679565, 13.683295;	-0.143138, -0.621875, 0.769924;	 0.941276, 0.985127
	0.736456, 2.679565, 13.683295;	-0.143138, -0.621875, 0.769924;	 0.934213, 0.863530
	0.736456, 2.679565, 13.683295;	-0.143138, -0.621875, 0.769924;	 0.752337, 0.986621
	-3.079266, 2.845208, 9.553764;	-0.918161, 0.128794, 0.374689;	 0.763456, 0.868788
	-3.079266, 2.845208, 9.553764;	-0.918161, 0.128794, 0.374689;	 0.950110, 0.820333
	-1.576320, 0.335104, 14.867936;	-0.781430, -0.623991, -0.001554;	 0.720918, 0.839418
	-1.576320, 0.335104, 14.867936;	-0.781430, -0.623991, -0.001554;	 0.910697, 0.644038
	-1.576320, 0.335104, 14.867936;	-0.781430, -0.623991, -0.001554;	 0.695411, 0.599961
	2.039344, 0.447805, 11.700300;	0.197939, 0.264100, -0.943966;	 0.855167, 0.717793
	2.039344, 0.447805, 11.700300;	0.197939, 0.264100, -0.943966;	 0.945783, 0.928918
	0.188217, 2.845208, 14.177608;	-0.209113, -0.111270, 0.971540;	 0.918985, 0.641099
	0.188217, 2.845208, 14.177608;	-0.209113, -0.111270, 0.971540;	 0.931298, 0.776657
	0.188217, 2.845208, 14.177608;	-0.209113, -0.111270, 0.971540;	 0.887305, 0.663453
	4.982232, 0.360470, 5.274742;	-0.145987, 0.087227, -0.985434;	 0.525397, 0.011245
	5.030623, 2.607849, 5.416537;	-0.379363, 0.397937, -0.835302;	 0.526549, 0.106544
	5.030623, 2.607849, 5.416537;	-0.379363, 0.397937, -0.835302;	 0.368946, 0.024024
	6.059581, 2.607849, 5.619462;	0.400223, 0.686566, -0.606999;	 0.463694, 0.107897
	6.059581, 2.607849, 5.619462;	0.400223, 0.686566, -0.606999;	 0.334512, 0.114525
	6.059581, 2.607849, 5.619462;	0.400223, 0.686566, -0.606999;	 0.313676, 0.046581
	5.897735, 0.360470, 5.333244;	0.440629, 0.082115, -0.893926;	 0.469472, 0.012449
	5.897735, 0.360470, 5.333244;	0.440629, 0.082115, -0.893926;	 0.315745, 0.209704
	6.271811, 0.360470, 7.197922;	0.706074, 0.048930, 0.706445;	 0.440307, 0.210412
	6.271811, 0.360470, 7.197922;	0.706074, 0.048930, 0.706445;	 0.429697, 0.210352
	6.159005, 2.607849, 7.099320;	0.335961, 0.860980, 0.381894;	 0.448478, 0.115173
	6.159005, 2.607849, 7.099320;	0.335961, 0.860980, 0.381894;	 0.337779, 0.107181
	6.159005, 2.607849, 7.099320;	0.335961, 0.860980, 0.381894;	 0.424947, 0.115039
	5.166440, 2.607849, 7.438061;	0.026321, 0.624546, 0.780545;	 0.509134, 0.115517
	5.166440, 2.607849, 7.438061;	0.026321, 0.624546, 0.780545;	 0.401871, 0.106806
	5.137450, 0.360470, 7.585055;	-0.331226, 0.048532, 0.942302;	 0.509629, 0.210806
	4.427988, 2.607849, 5.946779;	-0.524353, 0.838567, -0.147847;	 0.306184, 0.011678
	4.427988, 2.607849, 5.946779;	-0.524353, 0.838567, -0.147847;	 0.414404, 0.036781
	4.427988, 2.607849, 5.946779;	-0.524353, 0.838567, -0.147847;	 0.563362, 0.105752
	4.293506, 0.360470, 5.880733;	-0.827065, 0.065897, -0.558231;	 0.303810, 0.106988
	4.293506, 0.360470, 5.880733;	-0.827065, 0.065897, -0.558231;	 0.567468, 0.010339
	4.235003, 0.360470, 6.796236;	-0.959416, 0.066332, 0.274081;	 0.247922, 0.105220
	4.235003, 0.360470, 6.796236;	-0.959416, 0.066332, 0.274081;	 0.564778, 0.211119
	4.498291, 2.607849, 6.993197;	-0.735298, 0.394846, 0.550848;	 0.242304, 0.009657
	4.498291, 2.607849, 6.993197;	-0.735298, 0.394846, 0.550848;	 0.431448, 0.079632
	4.498291, 2.607849, 6.993197;	-0.735298, 0.394846, 0.550848;	 0.549965, 0.115749
	6.398322, 2.607849, 6.612028;	0.916585, 0.386631, 0.101923;	 0.395168, 0.114870
	6.398322, 2.607849, 6.612028;	0.916585, 0.386631, 0.101923;	 0.314147, 0.091044
	6.503726, 0.360470, 6.021970;	0.957739, 0.055017, -0.282329;	 0.357833, 0.209943
	3.696820, 4.666642, 8.143647;	-0.728124, 0.001972, -0.685443;	 0.932116, 0.109059
	4.208015, 4.586423, 7.630219;	-0.199515, 0.815900, -0.542679;	 0.925287, 0.148825
	4.208015, 4.586423, 7.630219;	-0.199515, 0.815900, -0.542679;	 0.781388, 0.133664
	4.208015, 4.586423, 7.630219;	-0.199515, 0.815900, -0.542679;	 0.883243, 0.058046
	4.993414, 4.251182, 6.731686;	-0.832509, 0.490415, -0.257723;	 0.900753, 0.218262
	4.993414, 4.251182, 6.731686;	-0.832509, 0.490415, -0.257723;	 0.650939, 0.119450
	4.993414, 4.251182, 6.731686;	-0.832509, 0.490415, -0.257723;	 0.788874, 0.041234
	3.885045, 4.663639, 8.309451;	0.768690, -0.023162, 0.639202;	 0.841909, 0.101005
	5.064230, 3.962690, 6.916488;	0.325608, -0.032219, 0.944956;	 0.875526, 0.213380
	5.064230, 3.962690, 6.916488;	0.325608, -0.032219, 0.944956;	 0.621400, 0.160173
	5.064230, 3.962690, 6.916488;	0.325608, -0.032219, 0.944956;	 0.900359, 0.111700
	5.111949, 4.251182, 6.835297;	0.461810, 0.838229, 0.290006;	 0.856360, 0.217714
	5.111949, 4.251182, 6.835297;	0.461810, 0.838229, 0.290006;	 0.778743, 0.040530
	5.111949, 4.251182, 6.835297;	0.461810, 0.838229, 0.290006;	 0.619786, 0.183857
	5.111949, 4.251182, 6.835297;	0.461810, 0.838229, 0.290006;	 0.610954, 0.135203
	4.326551, 4.586423, 7.733829;	0.665704, 0.706827, 0.239235;	 0.842174, 0.146013
	4.326551, 4.586423, 7.733829;	0.665704, 0.706827, 0.239235;	 0.771257, 0.132959
	4.777887, 3.372329, 6.980958;	-0.894864, 0.407570, 0.181948;	 0.718457, 0.107575
	4.777887, 3.372329, 6.980958;	-0.894864, 0.407570, 0.181948;	 0.686469, 0.202228
	5.519515, 3.025383, 6.132500;	-0.403842, -0.187804, -0.895344;	 0.716791, 0.035451
	5.519515, 3.025383, 6.132500;	-0.403842, -0.187804, -0.895344;	 0.681530, 0.130374
	4.533060, 2.950662, 7.390911;	-0.624209, 0.270712, 0.732857;	 0.759537, 0.122556
	4.533060, 2.950662, 7.390911;	-0.624209, 0.270712, 0.732857;	 0.647068, 0.223832
	5.631509, 3.025383, 6.230393;	0.974913, -0.198088, 0.101514;	 0.679261, 0.137774
	5.631509, 3.025383, 6.230393;	0.974913, -0.198088, 0.101514;	 0.719719, 0.042423
	5.757308, 3.551447, 6.179086;	0.965574, -0.257990, -0.033304;	 0.717754, 0.145602
	5.066697, 3.779265, 6.944911;	-0.042504, 0.235101, 0.971041;	 0.716160, 0.208559
	5.066697, 3.779265, 6.944911;	-0.042504, 0.235101, 0.971041;	 0.689568, 0.118727
	4.889882, 3.372329, 7.078851;	0.158126, 0.366809, 0.916759;	 0.684200, 0.209628
	4.889882, 3.372329, 7.078851;	0.158126, 0.366809, 0.916759;	 0.721385, 0.114547
	5.837370, 3.933963, 6.087365;	0.844517, 0.533529, 0.046228;	 0.747003, 0.147181
	5.837370, 3.933963, 6.087365;	0.844517, 0.533529, 0.046228;	 0.614662, 0.051884
	5.179045, 4.254818, 6.840521;	0.253776, 0.687253, 0.680647;	 0.752301, 0.211251
	5.179045, 4.254818, 6.840521;	0.253776, 0.687253, 0.680647;	 0.607298, 0.131825
	5.179045, 4.254818, 6.840521;	0.253776, 0.687253, 0.680647;	 0.624450, 0.185263
	5.098418, 3.872577, 6.932887;	0.141358, 0.020820, 0.989740;	 0.723055, 0.209727
	5.098418, 3.872577, 6.932887;	0.141358, 0.020820, 0.989740;	 0.625363, 0.153592
	5.098418, 3.872577, 6.932887;	0.141358, 0.020820, 0.989740;	 0.682832, 0.121016
	4.925197, 3.932494, 6.807823;	-0.913463, -0.377930, 0.150844;	 0.880418, 0.212101
	4.925197, 3.932494, 6.807823;	-0.913463, -0.377930, 0.150844;	 0.674996, 0.114129
	4.925197, 3.932494, 6.807823;	-0.913463, -0.377930, 0.150844;	 0.803531, 0.216937
	4.148899, 4.310847, 7.695945;	-0.490971, -0.863806, -0.113079;	 0.907703, 0.143506
	4.148899, 4.310847, 7.695945;	-0.490971, -0.863806, -0.113079;	 0.806548, 0.125426
	4.979578, 4.254818, 6.666169;	-0.402791, 0.858265, -0.318025;	 0.648731, 0.114907
	4.979578, 4.254818, 6.666169;	-0.402791, 0.858265, -0.318025;	 0.626703, 0.132629
	5.556027, 3.551447, 6.003148;	-0.085939, -0.199201, -0.976183;	 0.676969, 0.043974
	5.556027, 3.551447, 6.003148;	-0.085939, -0.199201, -0.976183;	 0.721831, 0.132303
	4.897138, 3.872577, 6.756949;	-0.986328, 0.124206, 0.108308;	 0.677569, 0.108486
	5.637903, 3.933963, 5.913013;	0.286712, 0.143111, -0.947267;	 0.648131, 0.050451
	5.637903, 3.933963, 5.913013;	0.286712, 0.143111, -0.947267;	 0.751044, 0.134002
	5.637903, 3.933963, 5.913013;	0.286712, 0.143111, -0.947267;	 0.634066, 0.052689
	3.636414, 4.550928, 8.502673;	0.033036, -0.954111, 0.297627;	 0.799594, 0.052137
	4.268412, 4.310847, 7.800411;	0.361614, -0.724014, 0.587400;	 0.796293, 0.125424
	4.268412, 4.310847, 7.800411;	0.361614, -0.724014, 0.587400;	 0.860392, 0.142721
	4.268412, 4.310847, 7.800411;	0.361614, -0.724014, 0.587400;	 0.901493, 0.044324
	3.673038, 4.575946, 8.524029;	0.599251, -0.512084, 0.615360;	 0.796884, 0.052759
	3.673038, 4.575946, 8.524029;	0.599251, -0.512084, 0.615360;	 0.849280, 0.085011
	3.251210, 5.089299, 8.689692;	-0.599709, 0.800115, 0.012850;	 0.961163, 0.067036
	3.251210, 5.089299, 8.689692;	-0.599709, 0.800115, 0.012850;	 0.826701, 0.216887
	3.185283, 4.911159, 8.707956;	-0.903765, 0.094688, -0.417425;	 0.949718, 0.065477
	3.174654, 4.732431, 8.774807;	-0.825037, -0.529374, 0.197679;	 0.938392, 0.060149
	3.174654, 4.732431, 8.774807;	-0.825037, -0.529374, 0.197679;	 0.811786, 0.012667
	3.329423, 4.732431, 8.910089;	-0.271216, -0.196239, 0.942302;	 0.938826, 0.049655
	3.329423, 4.732431, 8.910089;	-0.271216, -0.196239, 0.942302;	 0.798506, 0.012665
	3.329423, 4.732431, 8.910089;	-0.271216, -0.196239, 0.942302;	 0.867902, 0.074444
	3.329423, 4.732431, 8.910089;	-0.271216, -0.196239, 0.942302;	 0.842387, 0.054120
	3.394095, 4.907558, 8.892011;	0.533340, 0.089020, 0.841204;	 0.950077, 0.051197
	3.394095, 4.907558, 8.892011;	0.533340, 0.089020, 0.841204;	 0.831007, 0.054339
	3.404712, 5.089299, 8.823867;	0.210835, 0.733971, 0.645628;	 0.961594, 0.056628
	3.404712, 5.089299, 8.823867;	0.210835, 0.733971, 0.645628;	 0.818795, 0.058382
	3.404712, 5.089299, 8.823867;	0.210835, 0.733971, 0.645628;	 0.813522, 0.217185
	5.020342, 4.269663, 6.747350;	-0.018138, 0.968136, -0.249767;	 0.786943, 0.040639
	5.020342, 4.269663, 6.747350;	-0.018138, 0.968136, -0.249767;	 0.620289, 0.135114
	5.020342, 4.269663, 6.747350;	-0.018138, 0.968136, -0.249767;	 0.650144, 0.121189
	3.635236, 4.794737, 8.636309;	0.770897, -0.050110, 0.634985;	 0.836161, 0.074861
	3.654990, 4.943852, 8.590050;	0.874144, 0.194755, 0.444908;	 0.826220, 0.077432
	5.540821, 2.459499, 6.237985;	0.614796, -0.372062, -0.695410;	 0.758619, 0.023886
	5.540821, 2.459499, 6.237985;	0.614796, -0.372062, -0.695410;	 0.638958, 0.125755
	3.537640, 4.550928, 8.416336;	-0.365473, -0.921386, -0.132204;	 0.925520, 0.087813
	3.537640, 4.550928, 8.416336;	-0.365473, -0.921386, -0.132204;	 0.808069, 0.052138
	3.385780, 4.647012, 8.481194;	-0.755100, -0.317383, -0.573666;	 0.931933, 0.082858
	3.385780, 4.647012, 8.481194;	-0.755100, -0.317383, -0.573666;	 0.813079, 0.040597
	3.525997, 4.576595, 8.633756;	0.063652, -0.918288, 0.390762;	 0.799830, 0.038843
	3.525997, 4.576595, 8.633756;	0.063652, -0.918288, 0.390762;	 0.871722, 0.093162
	3.619558, 5.019952, 8.526659;	0.532184, 0.786094, -0.314383;	 0.816195, 0.188811
	3.619558, 5.019952, 8.526659;	0.532184, 0.786094, -0.314383;	 0.765272, 0.215275
	3.619558, 5.019952, 8.526659;	0.532184, 0.786094, -0.314383;	 0.894991, 0.111634
	3.619558, 5.019952, 8.526659;	0.532184, 0.786094, -0.314383;	 0.820823, 0.081820
	3.516898, 5.019952, 8.436926;	0.231370, 0.719073, -0.655288;	 0.825009, 0.188612
	3.516898, 5.019952, 8.436926;	0.231370, 0.719073, -0.655288;	 0.896591, 0.104872
	3.449617, 4.945548, 8.409813;	-0.685484, 0.219339, -0.694264;	 0.950982, 0.088634
	3.449617, 4.945548, 8.409813;	-0.685484, 0.219339, -0.694264;	 0.883609, 0.123077
	3.406471, 4.798512, 8.434738;	-0.743489, 0.000592, -0.668747;	 0.941567, 0.086583
	4.998376, 3.872577, 6.845441;	-0.656516, -0.069707, 0.751084;	 0.680216, 0.114788
	5.044710, 3.932494, 6.912289;	-0.289358, -0.611670, 0.736295;	 0.678121, 0.121569
	5.044710, 3.932494, 6.912289;	-0.289358, -0.611670, 0.736295;	 0.620546, 0.157452
	5.044710, 3.932494, 6.912289;	-0.289358, -0.611670, 0.736295;	 0.793275, 0.216935
	5.044710, 3.932494, 6.912289;	-0.289358, -0.611670, 0.736295;	 0.902661, 0.111199
	3.592000, 4.645318, 8.662171;	0.635153, -0.359733, 0.683500;	 0.865899, 0.095850
	3.592000, 4.645318, 8.662171;	0.635153, -0.359733, 0.683500;	 0.845956, 0.073867
	3.592000, 4.645318, 8.662171;	0.635153, -0.359733, 0.683500;	 0.795355, 0.040552
	3.394837, 4.602812, 8.507941;	-0.639740, -0.669633, -0.377258;	 0.929164, 0.080748
	3.394837, 4.602812, 8.507941;	-0.639740, -0.669633, -0.377258;	 0.811537, 0.039497
	3.478699, 4.993735, 8.414704;	-0.180312, 0.598417, -0.780631;	 0.776785, 0.216732
	3.478699, 4.993735, 8.414704;	-0.180312, 0.598417, -0.780631;	 0.895358, 0.102714
	3.478699, 4.993735, 8.414704;	-0.180312, 0.598417, -0.780631;	 0.827802, 0.189201
	3.478699, 4.993735, 8.414704;	-0.180312, 0.598417, -0.780631;	 0.879986, 0.122838
	3.478699, 4.993735, 8.414704;	-0.180312, 0.598417, -0.780631;	 0.954109, 0.088293
	3.422490, 4.576595, 8.543281;	-0.379409, -0.925112, 0.014741;	 0.808711, 0.038844
	3.646849, 4.993735, 8.561683;	0.897137, 0.441738, 0.003484;	 0.813366, 0.189527
	3.646849, 4.993735, 8.561683;	0.897137, 0.441738, 0.003484;	 0.822790, 0.079289
	-6.299061, 5.305877, 17.603533;	0.797842, 0.502331, 0.333333;	 0.015666, 0.449241
	-6.299061, 5.305877, 17.603533;	0.797842, 0.502331, 0.333333;	 0.381621, 0.244893
	-6.299061, 5.305877, 17.603533;	0.797842, 0.502331, 0.333333;	 0.015666, 0.307618
	-6.299061, 5.305877, 0.692597;	0.488577, 0.307614, -0.816497;	 0.403374, 0.449241
	-6.299061, 5.305877, 0.692597;	0.488577, 0.307614, -0.816497;	 0.403374, 0.307618
	-6.299061, 5.305877, 0.692597;	0.488577, 0.307614, -0.816497;	 0.209627, 0.278557
	-14.544243, 7.179888, 0.692597;	-0.502333, 0.797841, -0.333334;	 0.403374, 0.574717
	-14.544243, 7.179888, 0.692597;	-0.502333, 0.797841, -0.333334;	 0.015666, 0.295178
	-14.544243, 7.179888, 0.692597;	-0.502333, 0.797841, -0.333334;	 0.015867, 0.274654
	-14.544243, 7.179888, 17.603533;	-0.307614, 0.488576, 0.816497;	 0.015666, 0.574717
	-14.544243, 7.179888, 17.603533;	-0.307614, 0.488576, 0.816497;	 0.187771, 0.244109
	-14.544243, 7.179888, 17.603533;	-0.307614, 0.488576, 0.816497;	 0.403374, 0.295178
	-14.606709, 6.905048, 0.692597;	-0.472799, -0.576210, -0.666666;	 0.403374, 0.318628
	-14.606709, 6.905048, 0.692597;	-0.472799, -0.576210, -0.666666;	 0.015666, 0.290995
	-14.606709, 6.905048, 0.692597;	-0.472799, -0.576210, -0.666666;	 0.015666, 0.278834
	-6.361528, 5.031037, 0.692597;	0.705709, -0.579058, -0.408248;	 0.403374, 0.440983
	-6.361528, 5.031037, 0.692597;	0.705709, -0.579058, -0.408248;	 0.403374, 0.303435
	-6.361528, 5.031037, 0.692597;	0.705709, -0.579058, -0.408248;	 0.209426, 0.282738
	-6.361528, 5.031037, 17.603533;	0.177288, -0.723965, 0.666667;	 0.015666, 0.440983
	-6.361528, 5.031037, 17.603533;	0.177288, -0.723965, 0.666667;	 0.381662, 0.240710
	-6.361528, 5.031037, 17.603533;	0.177288, -0.723965, 0.666667;	 0.015666, 0.303435
	-14.606709, 6.905048, 17.603533;	-0.886671, -0.217135, 0.408248;	 0.015666, 0.318628
	-14.606709, 6.905048, 17.603533;	-0.886671, -0.217135, 0.408248;	 0.187811, 0.239926
	-14.606709, 6.905048, 17.603533;	-0.886671, -0.217135, 0.408248;	 0.403374, 0.290995
	-7.400754, 0.354522, 2.287331;	0.173647, -0.001047, -0.984807;	 0.420383, 0.419415
	-7.498640, 5.991501, 2.287331;	-0.163983, 0.328958, -0.929998;	 0.549619, 0.418050
	-7.498640, 5.991501, 2.287331;	-0.163983, 0.328958, -0.929998;	 0.506109, 0.260059
	-7.308773, 5.991501, 2.320810;	0.265520, 0.806789, -0.527816;	 0.549619, 0.420867
	-7.308773, 5.991501, 2.320810;	0.265520, 0.806789, -0.527816;	 0.507695, 0.262730
	-7.233788, 0.354522, 2.383729;	0.843815, -0.000817, -0.536634;	 0.420383, 0.422232
	-7.233788, 0.354522, 2.383729;	0.843815, -0.000817, -0.536634;	 0.416131, 0.534652
	-7.498640, 0.354522, 2.842464;	-0.215666, -0.001610, 0.976466;	 0.416145, 0.568866
	-7.498640, 0.354522, 2.842464;	-0.215666, -0.001610, 0.976466;	 0.359864, 0.228917
	-7.498640, 5.991501, 2.842464;	-0.153297, 0.469732, 0.869397;	 0.545380, 0.568866
	-7.498640, 5.991501, 2.842464;	-0.153297, 0.469732, 0.869397;	 0.518602, 0.258485
	-7.665606, 5.991501, 2.746067;	-0.423231, 0.812349, 0.401203;	 0.545382, 0.571711
	-7.665606, 5.991501, 2.746067;	-0.423231, 0.812349, 0.401203;	 0.515701, 0.256326
	-7.714549, 0.354522, 2.661295;	-0.918978, -0.002113, 0.394303;	 0.416143, 0.573038
	-7.665606, 5.991501, 2.383729;	-0.530172, 0.721810, -0.444869;	 0.549619, 0.403836
	-7.665606, 5.991501, 2.383729;	-0.530172, 0.721810, -0.444869;	 0.507547, 0.257354
	-7.665606, 5.991501, 2.383729;	-0.530172, 0.721810, -0.444869;	 0.549619, 0.416211
	-7.590621, 0.354522, 2.320810;	-0.499998, -0.001047, -0.866026;	 0.420383, 0.405201
	-7.590621, 0.354522, 2.320810;	-0.499998, -0.001047, -0.866026;	 0.420383, 0.416937
	-7.714549, 0.354522, 2.468499;	-0.939692, -0.001047, -0.342021;	 0.420383, 0.402383
	-7.714549, 0.354522, 2.468499;	-0.939692, -0.001047, -0.342021;	 0.416131, 0.574717
	-7.731546, 5.991501, 2.564898;	-0.944345, 0.328958, 0.000000;	 0.549619, 0.401018
	-7.731546, 5.991501, 2.564898;	-0.944345, 0.328958, 0.000000;	 0.511335, 0.255880
	-7.731546, 5.991501, 2.564898;	-0.944345, 0.328958, 0.000000;	 0.545373, 0.574082
	-7.308773, 5.991501, 2.808985;	0.226956, 0.815407, 0.532544;	 0.489100, 0.226228
	-7.308773, 5.991501, 2.808985;	0.226956, 0.815407, 0.532544;	 0.518681, 0.261345
	-7.308773, 5.991501, 2.808985;	0.226956, 0.815407, 0.532544;	 0.545369, 0.566876
	-7.308773, 0.354522, 2.808985;	0.600662, 0.000000, 0.799503;	 0.359864, 0.226228
	-7.184845, 5.991501, 2.661296;	0.931149, 0.265913, 0.249502;	 0.489100, 0.223540
	-7.184845, 5.991501, 2.661296;	0.931149, 0.265913, 0.249502;	 0.545367, 0.538835
	-7.184845, 5.991501, 2.661296;	0.931149, 0.265913, 0.249502;	 0.515900, 0.263569
	-7.498640, 5.991501, 16.379778;	-0.163983, 0.328958, -0.929998;	 0.545367, 0.552662
	-7.498640, 5.991501, 16.379778;	-0.163983, 0.328958, -0.929998;	 0.421932, 0.388600
	-7.400754, 0.354522, 16.379778;	0.173647, -0.001047, -0.984807;	 0.416131, 0.554027
	-7.590621, 0.354522, 16.413256;	-0.499998, -0.001047, -0.866026;	 0.416131, 0.551210
	-7.590621, 0.354522, 16.413256;	-0.499998, -0.001047, -0.866026;	 0.420383, 0.440983
	-7.665606, 5.991501, 16.476175;	-0.651916, 0.580988, -0.487297;	 0.545367, 0.549845
	-7.665606, 5.991501, 16.476175;	-0.651916, 0.580988, -0.487297;	 0.420383, 0.385921
	-7.665606, 5.991501, 16.476175;	-0.651916, 0.580988, -0.487297;	 0.549619, 0.440050
	-7.308773, 5.991501, 16.901432;	0.260487, 0.812349, 0.521762;	 0.489100, 0.263147
	-7.308773, 5.991501, 16.901432;	0.260487, 0.812349, 0.521762;	 0.432897, 0.384418
	-7.308773, 5.991501, 16.901432;	0.260487, 0.812349, 0.521762;	 0.545367, 0.520782
	-7.498640, 0.354522, 16.934912;	-0.217411, -0.001677, 0.976079;	 0.359864, 0.263644
	-7.498640, 0.354522, 16.934912;	-0.217411, -0.001677, 0.976079;	 0.420383, 0.433242
	-7.498640, 0.354522, 16.934912;	-0.217411, -0.001677, 0.976079;	 0.416131, 0.523643
	-7.233788, 0.354522, 16.838514;	0.728696, -0.002113, 0.684834;	 0.359864, 0.262213
	-7.184845, 5.991501, 16.753742;	0.887393, 0.328958, 0.322986;	 0.489100, 0.260955
	-7.184845, 5.991501, 16.753742;	0.887393, 0.328958, 0.322986;	 0.432936, 0.387279
	-7.233788, 0.354522, 16.476175;	0.766044, -0.001047, -0.642788;	 0.359864, 0.256836
	-7.233788, 0.354522, 16.476175;	0.766044, -0.001047, -0.642788;	 0.416131, 0.555866
	-7.308773, 5.991501, 16.413256;	0.291965, 0.811803, -0.505699;	 0.489100, 0.255903
	-7.308773, 5.991501, 16.413256;	0.291965, 0.811803, -0.505699;	 0.425780, 0.390009
	-7.308773, 5.991501, 16.413256;	0.291965, 0.811803, -0.505699;	 0.545367, 0.555140
	-7.184845, 5.991501, 16.560947;	0.771402, 0.571059, -0.280767;	 0.489100, 0.258094
	-7.184845, 5.991501, 16.560947;	0.771402, 0.571059, -0.280767;	 0.430125, 0.389487
	-7.167848, 0.354522, 16.657345;	0.999999, -0.001047, 0.000000;	 0.359864, 0.259525
	-7.498640, 5.991501, 16.934912;	-0.226620, 0.483054, 0.845756;	 0.549619, 0.433242
	-7.498640, 5.991501, 16.934912;	-0.226620, 0.483054, 0.845756;	 0.430026, 0.382243
	-7.498640, 5.991501, 16.934912;	-0.226620, 0.483054, 0.845756;	 0.545367, 0.523643
	-7.714549, 5.991501, 16.753742;	-0.704057, 0.647130, 0.292451;	 0.549619, 0.435931
	-7.714549, 5.991501, 16.753742;	-0.704057, 0.647130, 0.292451;	 0.423564, 0.382280
	-7.714549, 0.354522, 16.753742;	-0.906308, 0.000000, 0.422618;	 0.420383, 0.435931
	-12.804828, 7.118896, 16.657345;	0.963945, 0.262874, -0.041323;	 0.381720, 0.280748
	-12.804828, 7.118896, 16.657345;	0.963945, 0.262874, -0.041323;	 0.420383, 0.369020
	-12.804828, 0.354522, 16.657345;	1.000000, 0.000000, 0.000000;	 0.226638, 0.280748
	-12.870768, 0.354522, 16.476175;	0.803539, 0.000849, -0.595251;	 0.226636, 0.277903
	-12.945752, 7.118896, 16.413256;	0.314698, 0.818590, -0.480495;	 0.381722, 0.276576
	-12.945752, 7.118896, 16.413256;	0.314698, 0.818590, -0.480495;	 0.421528, 0.364903
	-13.368526, 7.118896, 16.657345;	-0.942817, 0.328373, 0.057159;	 0.170761, 0.260638
	-13.368526, 7.118896, 16.657345;	-0.942817, 0.328373, 0.057159;	 0.432543, 0.366187
	-13.351526, 0.354522, 16.560946;	-0.957432, -0.001761, -0.288654;	 0.015676, 0.261965
	-13.302585, 0.354522, 16.838514;	-0.792870, -0.001342, 0.609390;	 0.015678, 0.257793
	-13.302585, 7.118896, 16.838514;	-0.325757, 0.905077, 0.273344;	 0.170760, 0.257793
	-13.302585, 7.118896, 16.838514;	-0.325757, 0.905077, 0.273344;	 0.432527, 0.369048
	-12.870768, 0.354522, 16.838514;	0.707107, 0.000000, 0.707107;	 0.226647, 0.282738
	-12.870768, 0.354522, 16.838514;	0.707107, 0.000000, 0.707107;	 0.398671, 0.240710
	-12.821823, 7.118896, 2.661296;	0.893208, 0.254615, 0.370609;	 0.342854, 0.261452
	-12.821823, 7.118896, 2.661296;	0.893208, 0.254615, 0.370609;	 0.342854, 0.222895
	-12.821823, 7.118896, 2.661296;	0.893208, 0.254615, 0.370609;	 0.428314, 0.507055
	-12.945752, 0.354522, 2.808985;	0.600660, 0.000000, 0.799504;	 0.187771, 0.263644
	-12.945752, 0.354522, 2.808985;	0.600660, 0.000000, 0.799504;	 0.187771, 0.224734
	-12.821823, 0.354522, 2.661296;	0.906309, 0.000000, 0.422616;	 0.187771, 0.261452
	-13.351526, 0.354522, 2.468499;	-0.974045, 0.000000, -0.226354;	 0.015666, 0.242601
	-13.351526, 7.118896, 2.661295;	-0.716504, 0.631613, 0.296121;	 0.170749, 0.239740
	-13.351526, 7.118896, 2.661295;	-0.716504, 0.631613, 0.296121;	 0.418942, 0.502056
	-13.351526, 7.118896, 2.468499;	-0.729004, 0.575813, -0.370125;	 0.170749, 0.242601
	-13.351526, 7.118896, 2.468499;	-0.729004, 0.575813, -0.370125;	 0.554128, 0.278085
	-13.351526, 7.118896, 2.468499;	-0.729004, 0.575813, -0.370125;	 0.416131, 0.504264
	-13.227601, 0.354522, 2.320810;	-0.600664, 0.000000, -0.799501;	 0.015666, 0.244793
	-13.227601, 0.354522, 2.320810;	-0.600664, 0.000000, -0.799501;	 0.399047, 0.276172
	-13.227601, 7.118896, 2.320810;	-0.369797, 0.332151, -0.867713;	 0.554022, 0.279922
	-13.227601, 7.118896, 2.320810;	-0.369797, 0.332151, -0.867713;	 0.416170, 0.507125
	-13.037732, 0.354522, 2.287331;	0.053775, 0.000000, -0.998553;	 0.398885, 0.278988
	-12.945752, 7.118896, 2.808985;	0.226955, 0.815407, 0.532544;	 0.342854, 0.224734
	-12.945752, 7.118896, 2.808985;	0.226955, 0.815407, 0.532544;	 0.428274, 0.504194
	-13.135618, 0.354522, 2.842464;	0.001815, 0.000000, 0.999998;	 0.187771, 0.227552
	-13.227601, 0.354522, 16.413256;	-0.499998, -0.000873, -0.866026;	 0.015666, 0.223225
	-13.227601, 0.354522, 16.413256;	-0.499998, -0.000873, -0.866026;	 0.015666, 0.263644
	-13.302585, 7.118896, 16.476175;	-0.530218, 0.721752, -0.444907;	 0.170749, 0.221860
	-13.302585, 7.118896, 16.476175;	-0.530218, 0.721752, -0.444907;	 0.429714, 0.363988
	-13.302585, 7.118896, 16.476175;	-0.530218, 0.721752, -0.444907;	 0.170754, 0.263008
	-13.135618, 7.118896, 16.379778;	-0.163991, 0.328810, -0.930049;	 0.170749, 0.224677
	-13.135618, 7.118896, 16.379778;	-0.163991, 0.328810, -0.930049;	 0.425363, 0.363482
	-13.135618, 7.118896, 16.379778;	-0.163991, 0.328810, -0.930049;	 0.381732, 0.274897
	-13.037732, 0.354522, 16.379778;	0.173649, -0.000873, -0.984807;	 0.015666, 0.226042
	-13.037732, 0.354522, 16.379778;	0.173649, -0.000873, -0.984807;	 0.226644, 0.275533
	-13.135618, 7.118896, 16.934912;	-0.084016, 0.265913, 0.960329;	 0.429674, 0.371233
	-13.135618, 7.118896, 16.934912;	-0.084016, 0.265913, 0.960329;	 0.553754, 0.244893
	-13.135618, 7.118896, 16.934912;	-0.084016, 0.265913, 0.960329;	 0.170751, 0.255803
	-12.870768, 7.118896, 16.838514;	0.365673, 0.855901, 0.365673;	 0.423212, 0.371218
	-12.870768, 7.118896, 16.838514;	0.365673, 0.855901, 0.365673;	 0.553754, 0.240710
	-12.870768, 7.118896, 16.838514;	0.365673, 0.855901, 0.365673;	 0.381730, 0.282738
	-13.135618, 0.354522, 16.934912;	-0.087154, 0.000000, 0.996195;	 0.398671, 0.244893
	-13.135618, 0.354522, 16.934912;	-0.087154, 0.000000, 0.996195;	 0.015668, 0.255803
	-13.135618, 7.118896, 2.842464;	-0.271792, 0.336730, 0.901522;	 0.425403, 0.502019
	-13.135618, 7.118896, 2.842464;	-0.271792, 0.336730, 0.901522;	 0.170749, 0.237052
	-13.135618, 7.118896, 2.842464;	-0.271792, 0.336730, 0.901522;	 0.342854, 0.227552
	-13.037732, 7.118896, 2.287331;	0.143710, 0.869543, -0.472485;	 0.419042, 0.509300
	-13.037732, 7.118896, 2.287331;	0.143710, 0.869543, -0.472485;	 0.342854, 0.255903
	-13.037732, 7.118896, 2.287331;	0.143710, 0.869543, -0.472485;	 0.553860, 0.282738
	-12.821823, 7.118896, 2.468500;	0.669146, 0.715483, -0.200818;	 0.425503, 0.509263
	-12.821823, 7.118896, 2.468500;	0.669146, 0.715483, -0.200818;	 0.342854, 0.258591
	-12.870768, 7.118896, 2.383729;	0.627961, 0.459700, -0.627965;	 0.423401, 0.509772
	-12.870768, 7.118896, 2.383729;	0.627961, 0.459700, -0.627965;	 0.342854, 0.257333
	-13.351526, 0.354522, 2.661295;	-0.939693, 0.000000, 0.342018;	 0.015666, 0.239740
	-13.227601, 0.354522, 2.808985;	-0.597693, 0.001690, 0.801723;	 0.015666, 0.237549
	-13.227601, 0.354522, 2.808985;	-0.597693, 0.001690, 0.801723;	 0.187771, 0.228917
	-12.870768, 0.354522, 2.383729;	0.736870, -0.000660, -0.676035;	 0.187771, 0.257333
	-12.870768, 0.354522, 2.383729;	0.736870, -0.000660, -0.676035;	 0.398742, 0.281464
	-12.804828, 0.354522, 2.564898;	0.998347, -0.000000, -0.057482;	 0.187771, 0.260022
	-7.233788, 5.991501, 2.383729;	0.593046, 0.728740, -0.342397;	 0.545367, 0.534652
	-7.233788, 5.991501, 2.383729;	0.593046, 0.728740, -0.342397;	 0.509440, 0.263644
	-7.233788, 5.991501, 2.383729;	0.593046, 0.728740, -0.342397;	 0.549619, 0.422232
	-7.184845, 0.354522, 2.661296;	0.965925, 0.000000, 0.258821;	 0.416131, 0.538835
	-7.184845, 0.354522, 2.661296;	0.965925, 0.000000, 0.258821;	 0.359864, 0.223540
	-7.714549, 0.354522, 16.560946;	-0.958667, 0.001019, -0.284528;	 0.420383, 0.438792
	-1.683189, 11.965092, -7.696512;	0.408248, 0.816497, 0.408248;	 0.392471, 0.596004
	-1.683189, 11.965092, -7.696512;	0.408248, 0.816497, 0.408248;	 0.490575, 0.609626
	-1.683189, 11.965092, -7.696512;	0.408248, 0.816497, 0.408248;	 0.432876, 0.596581
	-1.683189, 11.965092, -8.823907;	0.666667, 0.333333, -0.666667;	 0.392471, 0.610629
	-1.683189, 11.965092, -8.823907;	0.666667, 0.333333, -0.666667;	 0.045596, 0.698983
	-1.683189, 11.965092, -8.823907;	0.666667, 0.333333, -0.666667;	 0.490575, 0.595001
	-2.810585, 11.965092, -8.823907;	-0.666667, 0.666667, -0.333333;	 0.375502, 0.610629
	-2.810585, 11.965092, -8.823907;	-0.666667, 0.666667, -0.333333;	 0.062565, 0.698983
	-2.810585, 11.965092, -8.823907;	-0.666667, 0.666667, -0.333333;	 0.045596, 0.662359
	-2.810585, 11.965092, -7.696512;	-0.408248, 0.408248, 0.816497;	 0.375502, 0.596004
	-2.810585, 11.965092, -7.696512;	-0.408248, 0.408248, 0.816497;	 0.432876, 0.611206
	-2.810585, 11.965092, -7.696512;	-0.408248, 0.408248, 0.816497;	 0.062565, 0.662359
	-2.810585, 9.476289, -8.823907;	-0.447214, 0.000000, -0.894427;	 0.062565, 0.666697
	-2.810585, 9.476289, -8.823907;	-0.447214, 0.000000, -0.894427;	 0.045596, 0.630073
	-1.683189, 9.476289, -8.823907;	0.707107, 0.000000, -0.707107;	 0.045596, 0.666697
	-1.683189, 9.476289, -8.823907;	0.707107, 0.000000, -0.707107;	 0.453116, 0.595001
	-1.683189, 10.224119, -7.696512;	0.707107, 0.000000, 0.707107;	 0.464371, 0.609626
	-1.683189, 10.224119, -7.696512;	0.707107, 0.000000, 0.707107;	 0.406672, 0.596581
	-2.810585, 10.224119, -7.696512;	-0.894427, 0.000000, 0.447214;	 0.406672, 0.611206
	-2.810585, 10.224119, -7.696512;	-0.894427, 0.000000, 0.447214;	 0.062565, 0.639774
	12.163438, 11.110180, -6.360723;	0.760639, 0.633866, -0.140153;	 0.430783, 0.771966
	12.163438, 11.110180, -6.360723;	0.760639, 0.633866, -0.140153;	 0.010000, 0.898593
	12.163438, 6.436244, 0.685501;	0.755929, -0.503953, 0.417855;	 0.324729, 0.711333
	12.163438, 6.436244, 0.685501;	0.755929, -0.503953, 0.417855;	 0.010000, 0.611357
	12.163438, 6.436244, 0.685501;	0.755929, -0.503953, 0.417855;	 0.010000, 0.990000
	12.163438, 6.724338, -0.617457;	0.832050, -0.469362, -0.295621;	 0.344340, 0.715070
	12.163438, 6.724338, -0.617457;	0.832050, -0.469362, -0.295621;	 0.010000, 0.628260
	12.163438, 10.341658, -6.360723;	0.870978, -0.491321, -0.000000;	 0.430783, 0.761996
	12.163438, 10.341658, -6.360723;	0.870978, -0.491321, -0.000000;	 0.010000, 0.702765
	12.163438, 6.436244, -13.406946;	0.801784, -0.579066, -0.147734;	 0.536838, 0.711333
	12.163438, 6.436244, -13.406946;	0.801784, -0.579066, -0.147734;	 0.010000, 0.807186
	12.163438, 6.436244, -13.406946;	0.801784, -0.579066, -0.147734;	 0.010000, 0.794172
	12.163438, 6.724339, -12.103988;	0.707106, -0.598322, 0.376845;	 0.517227, 0.715070
	12.163438, 6.724339, -12.103988;	0.707106, -0.598322, 0.376845;	 0.010000, 0.777269
	-6.438591, 6.436245, -13.406947;	-0.933257, -0.103695, -0.343918;	 0.289984, 0.807186
	-6.438591, 6.436245, -13.406947;	-0.933257, -0.103695, -0.343918;	 0.324729, 0.738030
	-6.438591, 6.436245, -13.406947;	-0.933257, -0.103695, -0.343918;	 0.289984, 0.794172
	-6.438591, 11.110180, -6.360723;	-0.760639, 0.633866, 0.140153;	 0.289984, 0.898593
	-6.438591, 11.110180, -6.360723;	-0.760639, 0.633866, 0.140153;	 0.430783, 0.798663
	-6.438592, 10.341659, -6.360723;	-0.870979, -0.491321, 0.000000;	 0.430783, 0.788693
	-6.438592, 10.341659, -6.360723;	-0.870979, -0.491321, 0.000000;	 0.289984, 0.702765
	-6.438592, 6.724339, -0.617458;	-0.707107, -0.598321, -0.376845;	 0.517227, 0.741768
	-6.438592, 6.724339, -0.617458;	-0.707107, -0.598321, -0.376845;	 0.289984, 0.628260
	-6.438592, 6.436245, 0.685500;	-0.840168, -0.490098, 0.232210;	 0.536838, 0.738030
	-6.438592, 6.436245, 0.685500;	-0.840168, -0.490098, 0.232210;	 0.289984, 0.611357
	-6.438592, 6.436245, 0.685500;	-0.840168, -0.490098, 0.232210;	 0.289984, 0.990000
	-6.438591, 6.724340, -12.103988;	-0.554700, -0.704042, 0.443432;	 0.344340, 0.741768
	-6.438591, 6.724340, -12.103988;	-0.554700, -0.704042, 0.443432;	 0.289984, 0.777269
	-6.438591, 6.436245, -12.561400;	-0.461644, -0.852265, 0.246028;	 0.326183, 0.742194
	-6.438591, 6.436245, -12.561400;	-0.461644, -0.852265, 0.246028;	 0.289984, 0.783203
	-5.593044, 6.436245, -12.561400;	-0.383808, -0.900473, 0.204546;	 0.277257, 0.783203
	-5.593044, 6.436245, -12.561400;	-0.383808, -0.900473, 0.204546;	 0.338068, 0.682969
	-6.438592, 6.436245, -0.160047;	-0.461644, -0.852265, -0.246028;	 0.512839, 0.742194
	-6.438592, 6.436245, -0.160047;	-0.461644, -0.852265, -0.246028;	 0.289984, 0.622326
	-5.593045, 6.436245, -0.160047;	-0.383808, -0.900473, -0.204546;	 0.524724, 0.682969
	-5.593045, 6.436245, -0.160047;	-0.383808, -0.900473, -0.204546;	 0.277257, 0.622326
	-5.593044, 7.738049, -6.360723;	-1.000000, 0.000000, -0.000000;	 0.431396, 0.699857
	-5.593044, 10.341659, -6.360723;	-0.508729, -0.860927, 0.000000;	 0.431396, 0.733632
	-5.593044, 10.341659, -6.360723;	-0.508729, -0.860927, 0.000000;	 0.277257, 0.702765
	12.163438, 6.436244, -0.160046;	0.326431, -0.878853, -0.347936;	 0.326183, 0.715497
	12.163438, 6.436244, -0.160046;	0.326431, -0.878853, -0.347936;	 0.010000, 0.622326
	11.317891, 6.436244, -0.160046;	0.568314, -0.808755, -0.151439;	 0.022727, 0.622326
	11.317891, 6.436244, -0.160046;	0.568314, -0.808755, -0.151439;	 0.338068, 0.619292
	12.163438, 6.436244, -12.561400;	0.326430, -0.878854, 0.347936;	 0.512839, 0.715497
	12.163438, 6.436244, -12.561400;	0.326430, -0.878854, 0.347936;	 0.010000, 0.783203
	11.317893, 10.341658, -6.360723;	0.366524, -0.930409, 0.000000;	 0.022726, 0.702765
	11.317893, 10.341658, -6.360723;	0.366524, -0.930409, 0.000000;	 0.431396, 0.669955
	11.317893, 6.436244, -12.561400;	0.568314, -0.808755, 0.151439;	 0.022726, 0.783203
	11.317893, 6.436244, -12.561400;	0.568314, -0.808755, 0.151439;	 0.524724, 0.619292
	11.317893, 7.738049, -6.360723;	1.000000, -0.000000, 0.000000;	 0.431396, 0.636180
	11.317891, 6.589292, -11.997701;	0.447214, 0.000000, -0.894427;	 0.305083, 0.990000
	11.317891, 6.589292, -11.997701;	0.447214, 0.000000, -0.894427;	 0.261482, 0.630073
	11.317891, 0.315684, -11.997701;	0.894427, 0.000000, -0.447214;	 0.305083, 0.908616
	11.317891, 0.315684, -11.997701;	0.894427, 0.000000, -0.447214;	 0.167057, 0.630073
	-5.593045, 0.315684, -11.997701;	-0.447214, -0.000000, -0.894427;	 0.559614, 0.908616
	-5.593045, 0.315684, -11.997701;	-0.447214, -0.000000, -0.894427;	 0.067598, 0.776324
	-5.593045, 6.589292, -11.997701;	-0.894427, -0.000000, -0.447214;	 0.559614, 0.990000
	-5.593045, 6.589292, -11.997701;	-0.894427, -0.000000, -0.447214;	 0.162024, 0.776324
	11.317891, 6.589292, -0.723744;	0.894427, 0.000000, 0.447214;	 0.261482, 0.776324
	11.317891, 6.589292, -0.723744;	0.894427, 0.000000, 0.447214;	 0.558083, 0.890633
	11.317891, 0.315684, -0.723744;	0.447214, 0.000000, 0.894427;	 0.167057, 0.776324
	11.317891, 0.315684, -0.723744;	0.447214, 0.000000, 0.894427;	 0.558083, 0.809248
	-5.593045, 6.589292, -0.723744;	-0.447214, -0.000000, 0.894427;	 0.303552, 0.890633
	-5.593045, 6.589292, -0.723744;	-0.447214, -0.000000, 0.894427;	 0.162024, 0.630073
	-5.593045, 0.315684, -0.723744;	-0.894427, -0.000000, 0.447214;	 0.303552, 0.809248
	-5.593045, 0.315684, -0.723744;	-0.894427, -0.000000, 0.447214;	 0.067598, 0.630073
~Stream // 314,740,1509

Index i_dum
	0, 1, 2
	2, 3, 0
	4, 3, 2
	2, 5, 4
	6, 0, 3
	3, 4, 6
	7, 1, 0
	0, 6, 7
	5, 2, 1
	1, 7, 5
	8, 10, 13
	13, 16, 8
	19, 22, 25
	25, 28, 19
	31, 34, 29
	29, 26, 31
	37, 40, 43
	43, 45, 37
	47, 50, 53
	53, 56, 47
	58, 61, 64
	64, 67, 58
	70, 73, 75
	78, 81, 83
	86, 89, 92
	92, 94, 86
	97, 99, 102
	102, 105, 97
	108, 111, 114
	117, 120, 45
	45, 43, 117
	41, 38, 123
	123, 54, 41
	126, 130, 133
	133, 135, 126
	137, 140, 143
	143, 145, 137
	147, 150, 153
	153, 155, 147
	157, 160, 163
	163, 165, 157
	167, 171, 174
	174, 177, 167
	180, 183, 186
	186, 189, 180
	192, 195, 73
	73, 70, 192
	198, 201, 68
	68, 65, 198
	204, 207, 165
	165, 163, 204
	210, 213, 155
	155, 153, 210
	184, 181, 178
	178, 216, 184
	168, 218, 172
	221, 224, 145
	145, 143, 221
	227, 230, 233
	233, 236, 227
	239, 242, 245
	245, 248, 239
	250, 253, 256
	256, 259, 250
	262, 265, 268
	268, 271, 262
	274, 277, 280
	280, 283, 274
	286, 288, 272
	272, 269, 286
	243, 240, 290
	290, 292, 243
	295, 298, 81
	81, 78, 295
	111, 108, 301
	35, 32, 11
	11, 304, 35
	127, 307, 131
	134, 132, 308
	228, 237, 134
	144, 141, 228
	144, 228, 134
	144, 134, 308
	222, 144, 308
	310, 312, 190
	190, 187, 310
	196, 59, 69
	196, 69, 202
	76, 74, 196
	76, 196, 202
	314, 76, 202
	90, 296, 79
	90, 79, 317
	93, 90, 317
	319, 93, 317
	80, 84, 322
	322, 318, 80
	254, 251, 324
	324, 246, 254
	247, 244, 293
	255, 247, 293
	257, 255, 293
	327, 281, 278
	270, 266, 327
	270, 327, 278
	287, 270, 278
	27, 23, 14
	12, 33, 27
	12, 27, 14
	121, 118, 329
	329, 331, 121
	48, 57, 124
	122, 332, 48
	122, 48, 124
	39, 46, 122
	39, 122, 124
	156, 214, 333
	335, 148, 156
	335, 156, 333
	166, 208, 335
	166, 335, 333
	158, 166, 333
	215, 211, 337
	337, 334, 215
	55, 51, 330
	44, 42, 55
	44, 55, 330
	119, 44, 330
	52, 49, 331
	331, 329, 52
	339, 341, 98
	112, 339, 98
	112, 98, 106
	115, 112, 106
	340, 344, 100
	100, 342, 340
	191, 313, 169
	179, 182, 191
	179, 191, 169
	312, 310, 219
	219, 170, 312
	292, 290, 346
	347, 291, 241
	252, 260, 347
	252, 347, 241
	325, 252, 241
	249, 325, 241
	95, 320, 318
	318, 322, 95
	96, 323, 85
	87, 96, 85
	299, 87, 85
	82, 299, 85
	273, 289, 275
	273, 275, 284
	273, 284, 263
	285, 328, 267
	267, 264, 285
	209, 205, 349
	349, 336, 209
	151, 149, 336
	336, 349, 151
	212, 154, 152
	161, 338, 212
	206, 164, 161
	206, 161, 212
	206, 212, 152
	350, 206, 152
	225, 223, 309
	309, 128, 225
	129, 136, 234
	226, 129, 234
	138, 146, 226
	138, 226, 234
	231, 138, 234
	162, 159, 334
	334, 337, 162
	351, 199, 66
	71, 351, 66
	71, 66, 62
	193, 71, 62
	300, 297, 91
	91, 88, 300
	109, 116, 107
	107, 103, 109
	110, 104, 101
	302, 110, 101
	345, 302, 101
	288, 286, 279
	279, 276, 288
	17, 15, 24
	24, 20, 17
	72, 77, 315
	315, 352, 72
	10, 8, 305
	9, 18, 21
	9, 21, 30
	9, 30, 36
	9, 36, 306
	142, 139, 232
	232, 229, 142
	113, 303, 344
	344, 340, 113
	94, 92, 321
	197, 194, 63
	63, 60, 197
	294, 348, 261
	261, 258, 294
	188, 185, 217
	173, 220, 311
	173, 311, 188
	173, 188, 217
	175, 173, 217
	285, 282, 328
	353, 316, 203
	203, 200, 353
	99, 97, 343
	245, 326, 248
	53, 125, 56
	238, 235, 135
	135, 133, 238
	178, 176, 216
	354, 355, 357
	357, 360, 354
	362, 364, 367
	367, 369, 362
	370, 373, 375
	375, 377, 370
	380, 363, 382
	382, 358, 380
	371, 378, 368
	371, 368, 365
	359, 356, 371
	359, 371, 365
	381, 359, 365
	369, 367, 379
	379, 376, 369
	358, 382, 361
	363, 380, 366
	374, 372, 355
	355, 354, 374
	383, 384, 387
	390, 391, 394
	394, 398, 390
	400, 402, 404
	406, 408, 409
	409, 411, 406
	413, 415, 418
	418, 408, 413
	421, 424, 383
	383, 387, 421
	426, 428, 430
	428, 426, 431
	434, 425, 435
	435, 438, 434
	440, 442, 443
	445, 449, 451
	445, 451, 440
	445, 440, 443
	395, 454, 385
	385, 399, 395
	450, 457, 458
	458, 452, 450
	410, 430, 400
	400, 412, 410
	432, 413, 408
	408, 429, 432
	402, 407, 459
	459, 404, 402
	424, 461, 463
	465, 446, 444
	414, 433, 427
	427, 416, 414
	441, 453, 467
	467, 471, 441
	442, 440, 473
	473, 475, 442
	406, 405, 460
	388, 426, 430
	430, 422, 388
	476, 477, 422
	422, 430, 476
	392, 478, 419
	392, 419, 417
	396, 392, 417
	405, 406, 411
	411, 401, 405
	466, 481, 447
	442, 475, 463
	463, 443, 442
	463, 484, 443
	383, 473, 384
	468, 399, 385
	385, 486, 468
	398, 458, 390
	425, 434, 462
	444, 485, 491
	491, 465, 444
	430, 428, 402
	402, 400, 430
	487, 472, 469
	471, 488, 441
	390, 439, 436
	450, 448, 482
	482, 457, 450
	397, 416, 427
	427, 455, 397
	398, 470, 458
	453, 492, 467
	424, 463, 383
	390, 436, 391
	479, 435, 425
	423, 479, 425
	406, 403, 429
	429, 408, 406
	386, 474, 489
	440, 490, 473
	462, 491, 485
	485, 464, 462
	462, 465, 491
	475, 383, 463
	473, 383, 475
	457, 390, 458
	457, 482, 439
	439, 390, 457
	493, 458, 470
	458, 493, 452
	465, 434, 438
	438, 483, 465
	465, 462, 434
	430, 410, 476
	418, 409, 408
	454, 389, 385
	388, 456, 426
	437, 480, 393
	477, 476, 420
	410, 420, 476
	494, 497, 500
	500, 503, 494
	506, 509, 512
	512, 515, 506
	518, 519, 521
	521, 523, 518
	525, 527, 529
	529, 531, 525
	532, 535, 537
	537, 539, 532
	542, 526, 545
	545, 546, 542
	549, 551, 552
	552, 554, 549
	557, 560, 563
	563, 564, 557
	566, 568, 571
	571, 573, 566
	561, 574, 577
	577, 579, 561
	580, 582, 583
	583, 584, 580
	586, 588, 589
	589, 590, 586
	580, 592, 582
	594, 597, 599
	600, 601, 603
	603, 606, 600
	608, 610, 607
	607, 604, 608
	611, 613, 598
	598, 595, 611
	578, 575, 558
	569, 550, 555
	569, 555, 578
	569, 578, 558
	572, 569, 558
	565, 572, 558
	614, 616, 619
	619, 622, 614
	591, 624, 627
	617, 587, 591
	585, 620, 617
	585, 617, 591
	585, 591, 627
	581, 585, 627
	625, 630, 593
	593, 628, 625
	602, 632, 612
	635, 609, 605
	635, 605, 602
	635, 602, 612
	638, 640, 635
	638, 635, 612
	596, 638, 612
	601, 642, 643
	643, 633, 601
	645, 641, 639
	639, 647, 645
	645, 636, 641
	524, 648, 547
	547, 651, 524
	556, 553, 653
	653, 577, 556
	530, 528, 543
	533, 540, 530
	522, 520, 533
	522, 533, 530
	522, 530, 543
	649, 522, 543
	649, 543, 548
	504, 516, 513
	513, 495, 504
	510, 498, 496
	496, 514, 510
	517, 505, 501
	501, 507, 517
	499, 511, 508
	508, 502, 499
	626, 589, 631
	577, 653, 579
	623, 621, 584
	584, 583, 623
	594, 599, 647
	647, 639, 594
	589, 626, 590
	592, 580, 629
	573, 571, 564
	564, 563, 573
	634, 644, 613
	613, 611, 634
	637, 646, 610
	610, 608, 637
	536, 534, 519
	519, 518, 536
	531, 529, 541
	541, 538, 531
	562, 559, 576
	570, 567, 551
	551, 549, 570
	546, 545, 652
	525, 544, 527
	618, 615, 588
	588, 586, 618
	601, 600, 642
	523, 521, 650
	654, 657, 660
	660, 663, 654
	666, 661, 658
	658, 668, 666
	659, 655, 670
	670, 669, 659
	671, 656, 664
	664, 672, 671
	673, 665, 662
	662, 667, 673
	674, 676, 679
	679, 681, 674
	683, 674, 681
	681, 686, 683
	675, 684, 688
	688, 691, 675
	692, 693, 695
	695, 697, 692
	689, 700, 693
	693, 692, 689
	702, 700, 689
	704, 703, 690
	690, 685, 704
	706, 697, 695
	705, 708, 710
	708, 711, 710
	711, 705, 710
	709, 707, 696
	712, 709, 696
	694, 712, 696
	712, 694, 701
	704, 712, 701
	704, 701, 703
	698, 707, 709
	709, 677, 698
	713, 679, 676
	715, 714, 677
	677, 709, 715
	717, 683, 686
	687, 682, 719
	718, 687, 719
	721, 718, 719
	723, 716, 722
	723, 720, 716
	723, 722, 720
	719, 682, 680
	719, 680, 714
	715, 719, 714
	685, 718, 721
	721, 704, 685
	678, 675, 691
	691, 699, 678
	724, 726, 728
	728, 730, 724
	732, 734, 727
	727, 725, 732
	736, 738, 735
	735, 733, 736
	731, 729, 739
	739, 737, 731
~Index

Model drevorubec
 streams s_dum
 indices i_dum
 materials m_dum
~Model
