// Hoe text model file	1.00
// Gejza'x	
// "mraveniste_exp.max" - Fri Aug 04 19:38:38 2006

Stream s_Sphere01[xyz|normal|tex2]
	-4.333961, 2.775949, -3.308245;	-0.747035, 0.507446, -0.429462;	 0.111111, 0.222222
	-4.574030, 0.000000, -4.499511;	-0.919306, 0.219638, -0.326550;	 0.000000, 0.222222
	-4.574030, 0.000000, -4.499511;	-0.919306, 0.219638, -0.326550;	 1.000000, 0.222222
	-5.485621, 2.874197, 0.000003;	-0.951647, 0.307147, 0.005321;	 0.000000, 0.000000
	-5.485621, 2.874197, 0.000003;	-0.951647, 0.307147, 0.005321;	 0.444444, 0.000000
	-5.485621, 2.874197, 0.000003;	-0.951647, 0.307147, 0.005321;	 0.000000, 0.000000
	-5.485621, 2.874197, 0.000003;	-0.951647, 0.307147, 0.005321;	 0.233333, 0.088889
	-5.029568, -0.000000, 4.499516;	-0.879141, 0.356174, 0.316623;	 0.500000, 0.222222
	-5.029568, -0.000000, 4.499516;	-0.879141, 0.356174, 0.316623;	 1.000000, 0.222222
	-4.333958, 2.775949, 3.308251;	-0.707978, 0.538928, 0.456426;	 0.388889, 0.222222
	-6.803016, 0.000000, 0.000003;	-0.855785, 0.392251, 0.337301;	 0.000000, 0.222222
	-1.215540, 2.357769, -6.477916;	-0.196143, 0.416271, -0.887832;	 0.055556, 0.444444
	-1.215540, -0.000000, -6.893654;	-0.195019, 0.181791, -0.963805;	 0.000000, 0.444444
	-1.215539, 3.774591, -5.280845;	-0.167557, 0.704071, -0.690079;	 0.111111, 0.444444
	-1.271253, 5.313516, -3.446826;	-0.176352, 0.896376, -0.406706;	 0.166667, 0.444444
	-1.215538, 5.725338, -1.197069;	-0.171577, 0.979818, -0.102561;	 0.222222, 0.444444
	-1.215536, 5.725338, 1.197072;	-0.146815, 0.983277, 0.107757;	 0.277778, 0.444444
	-1.215535, 5.313515, 3.446828;	-0.145421, 0.906921, 0.395408;	 0.333333, 0.444444
	-1.215534, 3.774590, 5.280847;	-0.172231, 0.686686, 0.706257;	 0.388889, 0.444444
	-1.215534, 2.357768, 6.477917;	-0.222988, 0.409891, 0.884458;	 0.444444, 0.444444
	-1.215533, -0.000000, 6.893655;	-0.240135, 0.233758, 0.942174;	 0.500000, 0.444444
	3.499998, 1.139568, -5.696586;	0.576998, 0.311113, -0.755170;	 0.055556, 0.666667
	3.499998, -0.000000, -6.062179;	0.524772, 0.260039, -0.810552;	 0.000000, 0.666667
	3.499998, 2.962874, -4.643899;	0.557471, 0.602178, -0.571496;	 0.111111, 0.666667
	3.499999, 3.794654, -3.031090;	0.564732, 0.752619, -0.338589;	 0.166667, 0.666667
	3.571327, 4.395935, -1.052687;	0.565493, 0.815283, -0.124628;	 0.222222, 0.666667
	3.571328, 4.395935, 1.052685;	0.553733, 0.815590, 0.167908;	 0.277778, 0.666667
	3.500002, 3.609720, 3.031088;	0.582716, 0.756842, 0.296027;	 0.333333, 0.666667
	3.500003, 2.962873, 4.643895;	0.563092, 0.597330, 0.571073;	 0.388889, 0.666667
	3.500003, 1.139567, 5.696581;	0.581290, 0.330626, 0.743497;	 0.444444, 0.666667
	3.500004, -0.000000, 6.062175;	0.548345, 0.232938, 0.803155;	 0.500000, 0.666667
	6.797899, 0.111244, -0.000003;	0.885268, 0.465076, 0.002279;	 0.000000, 0.888889
	6.797899, 0.111244, -0.000003;	0.885268, 0.465076, 0.002279;	 0.055556, 0.888889
	6.797899, 0.111244, -0.000003;	0.885268, 0.465076, 0.002279;	 0.111111, 0.888889
	6.797899, 0.111244, -0.000003;	0.885268, 0.465076, 0.002279;	 0.166667, 0.888889
	6.797899, 0.111244, -0.000003;	0.885268, 0.465076, 0.002279;	 0.222222, 0.888889
	6.797899, 0.111244, -0.000003;	0.885268, 0.465076, 0.002279;	 0.277778, 0.888889
	6.797899, 0.111244, -0.000003;	0.885268, 0.465076, 0.002279;	 0.333333, 0.888889
	6.797899, 0.111244, -0.000003;	0.885268, 0.465076, 0.002279;	 0.388889, 0.888889
	6.797899, 0.111244, -0.000003;	0.885268, 0.465076, 0.002279;	 0.444444, 0.888889
~Stream // 27,40,132

Index i_Sphere01
	0, 1, 3
	7, 9, 4
	10, 8, 5
	2, 10, 5
	1, 0, 11
	11, 12, 1
	13, 11, 0
	14, 13, 0
	0, 6, 15
	15, 14, 0
	6, 16, 15
	6, 9, 17
	17, 16, 6
	18, 17, 9
	19, 18, 9
	9, 7, 20
	20, 19, 9
	12, 11, 21
	21, 22, 12
	11, 13, 23
	23, 21, 11
	13, 14, 24
	24, 23, 13
	14, 15, 25
	25, 24, 14
	15, 16, 26
	26, 25, 15
	16, 17, 27
	27, 26, 16
	17, 18, 28
	28, 27, 17
	18, 19, 29
	29, 28, 18
	19, 20, 30
	30, 29, 19
	22, 21, 31
	21, 23, 32
	23, 24, 33
	24, 25, 34
	25, 26, 35
	26, 27, 36
	27, 28, 37
	28, 29, 38
	29, 30, 39
~Index

