// Hoe text model file	1.00
// Gejza'x	
// "Obchod_exp.max" - Thu Sep 22 15:20:51 2005

// Mat: Standard
Material m_Obchod
	Texture = "obchod"
~Material

Stream s_Obchod[xyz|normal|tex2]
	-6.642464, 0.000000, -6.906889;	-0.218218, -0.872872, -0.436436;	 0.131532, 0.837625
	-6.642464, 0.000000, -6.906889;	-0.218218, -0.872872, -0.436436;	 0.358562, 0.465093
	-6.642464, 0.000000, -6.906889;	-0.218218, -0.872872, -0.436436;	 0.358134, 0.794047
	-6.642464, 0.000000, 6.456734;	-0.534522, -0.801784, 0.267261;	 0.238299, 0.837625
	-6.642464, 0.000000, 6.456734;	-0.534522, -0.801784, 0.267261;	 0.191664, 0.490206
	-6.642464, 0.000000, 6.456734;	-0.534522, -0.801784, 0.267261;	 0.358562, 0.508670
	-9.608801, 0.000000, 6.456734;	-0.333333, -0.666667, 0.666667;	 0.238299, 0.812512
	-9.608801, 0.000000, 6.456734;	-0.333333, -0.666667, 0.666667;	 0.191664, 0.621807
	-9.608801, 0.000000, 6.456734;	-0.333333, -0.666667, 0.666667;	 0.191664, 0.465093
	-9.608801, 0.000000, -6.906889;	-0.816497, -0.408248, -0.408248;	 0.131532, 0.812512
	-9.608801, 0.000000, -6.906889;	-0.816497, -0.408248, -0.408248;	 0.191664, 0.508670
	-9.608801, 0.000000, -6.906889;	-0.816497, -0.408248, -0.408248;	 0.358562, 0.490206
	-9.608801, 18.709072, 6.456734;	-0.894427, 0.000000, 0.447214;	 0.341137, 0.621807
	-9.608801, 18.709072, 6.456734;	-0.894427, 0.000000, 0.447214;	 0.341137, 0.465093
	-9.608801, 18.709072, -6.906889;	-0.447214, 0.000000, -0.894427;	 0.341137, 0.508670
	-9.608801, 18.709072, -6.906889;	-0.447214, 0.000000, -0.894427;	 0.508035, 0.490206
	-6.642464, 18.709072, -6.906889;	-0.894427, 0.000000, -0.447214;	 0.508035, 0.465093
	-6.642464, 18.709072, -6.906889;	-0.894427, 0.000000, -0.447214;	 0.507608, 0.794047
	-6.642464, 18.709072, 6.456734;	-0.447214, 0.000000, 0.894427;	 0.341137, 0.490206
	-6.642464, 18.709072, 6.456734;	-0.447214, 0.000000, 0.894427;	 0.508035, 0.508670
	-6.642464, 18.709072, -20.270514;	-0.447214, 0.000000, -0.894427;	 0.507608, 0.680910
	-6.642464, 18.709072, -20.270514;	-0.447214, 0.000000, -0.894427;	 0.174239, 0.621807
	-6.642464, 0.000000, -20.270514;	-0.816497, -0.408248, -0.408248;	 0.358134, 0.680910
	-6.642464, 0.000000, -20.270514;	-0.816497, -0.408248, -0.408248;	 0.024766, 0.621807
	-6.642464, 0.000000, -20.270514;	-0.816497, -0.408248, -0.408248;	 0.024766, 0.837625
	-6.642464, 18.709072, 19.820358;	-0.894427, 0.000000, 0.447214;	 0.508035, 0.621807
	-6.642464, 18.709072, 19.820358;	-0.894427, 0.000000, 0.447214;	 0.511964, 0.837625
	-6.642464, 0.000000, 19.820358;	-0.333333, -0.666667, 0.666667;	 0.358562, 0.621807
	-6.642464, 0.000000, 19.820358;	-0.333333, -0.666667, 0.666667;	 0.362491, 0.837625
	-6.642464, 0.000000, 19.820358;	-0.333333, -0.666667, 0.666667;	 0.345066, 0.837625
	9.393885, 18.709072, 19.820358;	0.447214, 0.000000, 0.894427;	 0.511964, 0.973389
	9.393885, 18.709072, 19.820358;	0.447214, 0.000000, 0.894427;	 0.345066, 0.794047
	9.393885, 0.000000, 19.820358;	0.816497, -0.408248, 0.408248;	 0.362491, 0.973389
	9.393885, 0.000000, 19.820358;	0.816497, -0.408248, 0.408248;	 0.345066, 0.635656
	9.393885, 0.000000, 19.820358;	0.816497, -0.408248, 0.408248;	 0.345066, 0.973389
	9.393885, 18.709072, -20.270514;	0.894427, 0.000000, -0.447214;	 0.024766, 0.794047
	9.393885, 18.709072, -20.270514;	0.894427, 0.000000, -0.447214;	 0.174239, 0.486043
	9.393885, 0.000000, -20.270514;	0.218218, -0.872872, -0.436436;	 0.024766, 0.635656
	9.393885, 0.000000, -20.270514;	0.218218, -0.872872, -0.436436;	 0.024766, 0.486043
	9.393885, 0.000000, -20.270514;	0.218218, -0.872872, -0.436436;	 0.024766, 0.973389
	1.369134, 22.131832, 21.114925;	0.000000, 0.175226, 0.984528;	 0.872310, 0.874037
	1.369134, 22.131832, 21.114925;	0.000000, 0.175226, 0.984528;	 0.895915, 0.803303
	-7.183585, 18.709072, 21.114925;	-0.353673, -0.165703, 0.920575;	 0.767665, 0.926926
	-7.183585, 18.709072, 21.114925;	-0.353673, -0.165703, 0.920575;	 0.316512, 0.224402
	-7.183585, 18.709072, 21.114925;	-0.353673, -0.165703, 0.920575;	 0.576959, 0.246630
	1.369134, 18.709072, 21.114925;	0.000000, -0.832050, 0.554700;	 0.872310, 0.926927
	1.369134, 18.709072, 21.114925;	0.000000, -0.832050, 0.554700;	 0.658188, 0.246630
	9.921853, 18.709072, 21.114925;	0.605564, 0.110335, 0.788110;	 0.976954, 0.926927
	9.921853, 18.709072, 21.114925;	0.605564, 0.110335, 0.788110;	 0.977144, 0.803303
	9.921853, 18.709072, 21.114925;	0.605564, 0.110335, 0.788110;	 0.739416, 0.246630
	5.645494, 23.843210, 21.114925;	0.508425, 0.692743, 0.511479;	 0.924632, 0.847592
	5.645494, 23.843210, 21.114925;	0.508425, 0.692743, 0.511479;	 0.936530, 0.803303
	1.369134, 27.154736, 18.089743;	-0.058148, 0.865887, 0.496848;	 0.895915, 0.763923
	-2.907226, 23.843210, 21.114925;	-0.540184, 0.580799, 0.608994;	 0.855301, 0.803303
	-2.907226, 23.843210, 21.114925;	-0.540184, 0.580799, 0.608994;	 0.819988, 0.847591
	-2.907226, 23.843210, 21.114925;	-0.540184, 0.580799, 0.608994;	 0.309581, 0.323800
	5.645494, 23.843210, 6.860396;	0.768375, 0.640000, 0.000000;	 0.936529, 0.617745
	9.921853, 18.709072, 6.860396;	0.599189, -0.800608, -0.000000;	 0.977144, 0.617745
	9.921853, 18.709072, 6.860396;	0.599189, -0.800608, -0.000000;	 0.739417, 0.432188
	1.369134, 28.977346, -0.266871;	0.145996, 0.988085, -0.048723;	 0.895914, 0.524966
	-5.796191, 25.838783, 6.860396;	-0.430048, 0.790087, 0.436831;	 0.827862, 0.617745
	-5.796191, 25.838783, 6.860396;	-0.430048, 0.790087, 0.436831;	 0.487133, 0.345567
	-5.796191, 25.838783, 6.860396;	-0.430048, 0.790087, 0.436831;	 0.129619, 0.076290
	-7.183585, 18.709072, 6.860396;	-0.270314, -0.850479, 0.451238;	 0.489382, 0.236548
	-7.183585, 18.709072, 6.860396;	-0.270314, -0.850479, 0.451238;	 0.108181, 0.163523
	-7.183585, 18.709072, 6.860396;	-0.270314, -0.850479, 0.451238;	 0.576959, 0.432189
	5.645494, 23.843212, -7.394137;	0.736481, 0.676361, -0.011511;	 0.936529, 0.432187
	9.921853, 18.709076, -7.394137;	0.999398, -0.034684, -0.000000;	 0.977143, 0.432187
	9.921853, 18.709076, -7.394137;	0.999398, -0.034684, -0.000000;	 0.739417, 0.617746
	-12.131674, 27.015650, -0.266871;	-0.460065, 0.878723, 0.127221;	 0.156262, 0.200386
	-12.131674, 27.015650, -0.266871;	-0.460065, 0.878723, 0.127221;	 0.767691, 0.524967
	-9.573279, 25.092552, -7.394136;	-0.690496, 0.487452, -0.534421;	 0.068554, 0.242955
	-9.573279, 25.092552, -7.394136;	-0.690496, 0.487452, -0.534421;	 0.791989, 0.432187
	-9.573279, 25.092552, -7.394136;	-0.690496, 0.487452, -0.534421;	 0.248124, 0.083526
	-9.573279, 25.092550, 6.860397;	-0.725677, 0.139222, 0.673803;	 0.242961, 0.242954
	-9.573279, 25.092550, 6.860397;	-0.725677, 0.139222, 0.673803;	 0.791990, 0.617746
	-9.573279, 25.092550, 6.860397;	-0.725677, 0.139222, 0.673803;	 0.071254, 0.085421
	-10.209517, 18.590380, -8.610425;	-0.525878, -0.564163, -0.636531;	 0.053674, 0.343430
	-10.209517, 18.590380, -8.610425;	-0.525878, -0.564163, -0.636531;	 0.257956, 0.163081
	-10.209517, 18.590380, -8.610425;	-0.525878, -0.564163, -0.636531;	 0.548221, 0.633580
	-10.209517, 18.590380, 8.076686;	-0.442708, -0.573045, 0.689659;	 0.257843, 0.343428
	-10.209517, 18.590380, 8.076686;	-0.442708, -0.573045, 0.689659;	 0.061423, 0.164976
	-10.209517, 18.590380, 8.076686;	-0.442708, -0.573045, 0.689659;	 0.548221, 0.416356
	5.645494, 23.843212, -21.648670;	0.532462, 0.697599, -0.479417;	 0.936528, 0.246629
	5.645494, 23.843212, -21.648670;	0.532462, 0.697599, -0.479417;	 0.912756, 0.189525
	9.921853, 18.709076, -21.648670;	0.353673, -0.165703, -0.920575;	 0.977143, 0.246628
	9.921853, 18.709076, -21.648670;	0.353673, -0.165703, -0.920575;	 0.965078, 0.110190
	9.921853, 18.709076, -21.648670;	0.353673, -0.165703, -0.920575;	 0.739418, 0.803304
	1.369134, 27.154737, -18.623489;	0.191627, 0.871932, -0.450570;	 0.895914, 0.286009
	-2.907226, 23.843212, -21.648670;	-0.354282, 0.736757, -0.575911;	 0.855299, 0.246629
	-2.907226, 23.843212, -21.648670;	-0.354282, 0.736757, -0.575911;	 0.488778, 0.177243
	-2.907226, 23.843212, -21.648670;	-0.354282, 0.736757, -0.575911;	 0.808112, 0.189525
	-5.796191, 25.838783, -7.394136;	-0.429565, 0.670695, -0.604683;	 0.827862, 0.432187
	-5.796191, 25.838783, -7.394136;	-0.429565, 0.670695, -0.604683;	 0.320592, 0.174719
	-5.796191, 25.838783, -7.394136;	-0.429565, 0.670695, -0.604683;	 0.189759, 0.074396
	-7.183585, 18.709076, -21.648670;	-0.609727, -0.066138, -0.789848;	 0.495710, 0.077845
	-7.183585, 18.709076, -21.648670;	-0.609727, -0.066138, -0.789848;	 0.755790, 0.110190
	-7.183585, 18.709076, -21.648670;	-0.609727, -0.066138, -0.789848;	 0.576960, 0.803305
	-7.183585, 18.709076, -7.394137;	-0.140940, -0.963078, -0.229385;	 0.322841, 0.065699
	-7.183585, 18.709076, -7.394137;	-0.140940, -0.963078, -0.229385;	 0.211198, 0.161629
	-7.183585, 18.709076, -7.394137;	-0.140940, -0.963078, -0.229385;	 0.576960, 0.617747
	1.394280, 22.823912, -21.648670;	-0.000229, 0.197768, -0.980249;	 0.860742, 0.173774
	1.394280, 22.823912, -21.648670;	-0.000229, 0.197768, -0.980249;	 0.896153, 0.246629
	1.369134, 18.709076, -21.648670;	0.000000, -0.894427, -0.447214;	 0.860434, 0.110190
	1.369134, 18.709076, -21.648670;	0.000000, -0.894427, -0.447214;	 0.658189, 0.803304
~Stream // 44,105,222

Index i_Obchod
	0, 3, 6
	6, 9, 0
	12, 14, 10
	10, 7, 12
	15, 16, 1
	1, 11, 15
	8, 4, 18
	18, 13, 8
	17, 20, 22
	22, 2, 17
	25, 19, 5
	5, 27, 25
	30, 26, 28
	28, 32, 30
	35, 31, 33
	33, 37, 35
	21, 36, 38
	38, 23, 21
	0, 24, 39
	3, 0, 39
	29, 3, 39
	29, 39, 34
	40, 42, 45
	40, 45, 47
	40, 47, 50
	41, 51, 52
	41, 52, 53
	40, 54, 42
	56, 51, 48
	48, 57, 56
	59, 52, 51
	51, 56, 59
	60, 53, 52
	52, 59, 60
	63, 43, 55
	55, 61, 63
	66, 56, 57
	57, 67, 66
	56, 66, 59
	69, 71, 74
	77, 80, 74
	74, 71, 77
	83, 66, 67
	67, 85, 83
	88, 59, 66
	66, 83, 88
	89, 92, 59
	59, 88, 89
	95, 98, 93
	93, 90, 95
	96, 101, 103
	103, 101, 86
	86, 101, 84
	83, 102, 88
	88, 102, 89
	91, 101, 96
	60, 59, 70
	70, 75, 60
	59, 92, 72
	72, 70, 59
	94, 99, 78
	78, 73, 94
	64, 62, 76
	76, 81, 64
	58, 49, 46
	46, 44, 65
	58, 46, 65
	65, 82, 79
	65, 79, 100
	58, 65, 100
	100, 97, 104
	58, 100, 104
	68, 58, 104
	87, 68, 104
~Index

Model obchod
 streams s_Obchod
 indices i_Obchod
 materials m_Obchod
~Model

