// Hoe text model file	1.00
// Gejza'x	
// "parezy.max" - Sun Aug 06 09:15:52 2006

Stream s_Cone01[xyz|normal|tex2]
	4.868699, 1.010491, -4.085603;	0.636990, 0.004636, -0.770859;	 0.821429, 0.666667
	4.906866, 0.000000, -4.067223;	0.634784, 0.000431, -0.772689;	 0.821429, 1.000000
	7.119831, -0.321428, -3.179850;	0.632391, 0.012864, -0.774543;	 0.750000, 1.000000
	4.995657, 1.010491, -4.641841;	0.632591, 0.004573, -0.774472;	 0.750000, 0.666667
	4.512971, 1.010491, -3.639534;	0.637449, 0.000845, -0.770492;	 0.892857, 0.666667
	4.539384, 0.000000, -3.606414;	0.637447, 0.001634, -0.770493;	 0.892857, 1.000000
	3.630696, 0.991909, -2.872505;	0.630638, 0.008787, -0.776028;	 0.964286, 0.666667
	4.348319, 0.000000, -3.348087;	0.636719, 0.005404, -0.771077;	 0.964286, 1.000000
	3.439016, -0.321428, -1.085403;	0.629604, 0.012362, -0.776818;	 1.035714, 1.000000
	3.439016, -0.321428, -1.085403;	0.629604, 0.012362, -0.776818;	 0.035714, 1.000000
	3.428387, 1.010491, -3.391985;	0.623444, 0.007010, -0.781837;	 1.035714, 0.666667
	3.428387, 1.010491, -3.391985;	0.623444, 0.007010, -0.781837;	 0.035714, 0.666667
	2.914346, 1.010491, -3.639534;	0.622813, 0.002948, -0.782365;	 0.107143, 0.666667
	2.859792, 0.000000, -3.613391;	0.619001, 0.001001, -0.785390;	 0.107143, 1.000000
	2.558619, 1.010491, -4.085603;	0.619063, 0.000751, -0.785341;	 0.178571, 0.666667
	2.492309, 0.000000, -4.074200;	0.623958, 0.004112, -0.781447;	 0.178571, 1.000000
	2.431661, 1.010491, -4.641841;	0.619272, 0.006807, -0.785147;	 0.250000, 0.666667
	0.449610, 0.000000, -4.648818;	0.622365, 0.013693, -0.782607;	 0.250000, 1.000000
	2.530476, 1.309962, -5.205056;	0.612983, 0.006522, -0.790070;	 0.321429, 0.666667
	0.243303, -0.055149, -5.223436;	0.617268, 0.013428, -0.786638;	 0.321429, 1.000000
	2.886204, 1.010491, -5.651124;	0.613075, 0.002380, -0.790021;	 0.392857, 0.666667
	2.859792, 0.000000, -5.684245;	0.612187, 0.003400, -0.790706;	 0.392857, 1.000000
	3.428387, 1.557183, -5.891696;	0.614716, 0.003374, -0.788741;	 0.464286, 0.666667
	2.991036, -0.494274, -8.414585;	0.617855, 0.012434, -0.786194;	 0.464286, 1.000000
	3.998930, 1.010491, -5.891696;	0.623044, 0.005508, -0.782168;	 0.535714, 0.666667
	4.321529, 0.000000, -6.248383;	0.623240, 0.007928, -0.781990;	 0.535714, 1.000000
	4.512971, 1.010491, -5.644147;	0.623243, 0.006042, -0.782005;	 0.607143, 0.666667
	6.187878, 0.000000, -6.198968;	0.628815, 0.012208, -0.777459;	 0.607143, 1.000000
	4.868699, 1.010491, -5.198079;	0.632085, 0.004162, -0.774888;	 0.678571, 0.666667
	4.906866, 0.000000, -5.216459;	0.635405, 0.003057, -0.772173;	 0.678571, 1.000000
	4.830532, 2.668822, -4.103983;	0.637107, 0.000858, -0.770775;	 0.821429, 0.333333
	4.953295, 2.668822, -4.641841;	0.634696, 0.000642, -0.772762;	 0.750000, 0.333333
	4.486559, 2.668822, -3.672655;	0.637222, 0.000727, -0.770680;	 0.892857, 0.333333
	3.989504, 2.668822, -3.433285;	0.635136, 0.002108, -0.772398;	 0.964286, 0.333333
	3.437814, 2.668822, -3.433285;	0.629793, 0.001986, -0.776761;	 1.035714, 0.333333
	3.437814, 2.668822, -3.433285;	0.629793, 0.001986, -0.776761;	 0.035714, 0.333333
	2.940758, 2.668822, -3.672655;	0.624753, 0.000693, -0.780822;	 0.107143, 0.333333
	2.596786, 2.668822, -4.103983;	0.618804, 0.001077, -0.785545;	 0.178571, 0.333333
	2.474023, 2.668822, -4.641841;	0.614612, 0.001721, -0.788828;	 0.250000, 0.333333
	2.596786, 2.668822, -5.179699;	0.612131, 0.001146, -0.790756;	 0.321429, 0.333333
	2.940759, 2.668822, -5.611027;	0.612121, 0.000406, -0.790764;	 0.392857, 0.333333
	3.437814, 2.668822, -5.850397;	0.614675, 0.000308, -0.788780;	 0.464286, 0.333333
	3.989504, 2.668822, -5.850397;	0.619201, 0.000242, -0.785233;	 0.535714, 0.333333
	4.486559, 2.668822, -5.611027;	0.624744, 0.000313, -0.780830;	 0.607143, 0.333333
	4.830532, 2.668822, -5.179698;	0.630184, 0.000451, -0.776446;	 0.678571, 0.333333
	4.735015, 3.812736, -4.165905;	0.670574, 0.004768, -0.741827;	 0.821429, 0.000000
	4.735015, 3.812736, -4.165905;	0.670574, 0.004768, -0.741827;	 0.303876, 0.092744
	4.910933, 4.003233, -4.685382;	0.650290, 0.002003, -0.759683;	 0.750000, 0.000000
	4.910933, 4.003233, -4.685382;	0.650290, 0.002003, -0.759683;	 0.500000, 0.047980
	4.460146, 4.003233, -3.749316;	0.653194, 0.002860, -0.757185;	 0.892857, 0.000000
	4.460146, 4.003233, -3.749316;	0.653194, 0.002860, -0.757185;	 0.146597, 0.218170
	3.980077, 3.750918, -3.518126;	0.661323, 0.004326, -0.750089;	 0.964286, 0.000000
	3.980077, 3.750918, -3.518126;	0.661323, 0.004326, -0.750089;	 0.059313, 0.399416
	3.447240, 3.750918, -3.518126;	0.645012, 0.004814, -0.764157;	 1.035714, 0.000000
	3.447240, 3.750918, -3.518126;	0.645012, 0.004814, -0.764157;	 0.035714, 0.000000
	3.447240, 3.750918, -3.518126;	0.645012, 0.004814, -0.764157;	 0.059313, 0.600584
	2.967171, 4.003233, -3.749316;	0.623664, 0.002771, -0.781687;	 0.107143, 0.000000
	2.967171, 4.003233, -3.749316;	0.623664, 0.002771, -0.781687;	 0.146597, 0.781830
	2.634953, 4.003233, -4.165905;	0.606832, 0.001820, -0.794828;	 0.178571, 0.000000
	2.634953, 4.003233, -4.165905;	0.606832, 0.001820, -0.794828;	 0.303876, 0.907256
	2.688179, 3.746774, -4.685382;	0.579095, 0.008925, -0.815211;	 0.250000, 0.000000
	2.688179, 3.746774, -4.685382;	0.579095, 0.008925, -0.815211;	 0.500000, 0.952020
	2.806747, 4.003233, -5.204859;	0.591749, 0.006960, -0.806092;	 0.321429, 0.000000
	2.806747, 4.003233, -5.204859;	0.591749, 0.006960, -0.806092;	 0.696124, 0.907256
	2.967171, 4.003233, -5.621448;	0.592393, 0.002803, -0.805645;	 0.392857, 0.000000
	2.967171, 4.003233, -5.621448;	0.592393, 0.002803, -0.805645;	 0.853403, 0.781830
	3.447240, 3.697740, -5.852637;	0.588459, -0.000000, -0.808527;	 0.464286, 0.000000
	3.447240, 3.697740, -5.852637;	0.588459, -0.000000, -0.808527;	 0.940687, 0.600584
	3.980077, 3.697740, -5.852637;	0.606757, 0.000011, -0.794888;	 0.535714, 0.000000
	3.980077, 3.697740, -5.852637;	0.606757, 0.000011, -0.794888;	 0.940687, 0.399416
	4.460147, 4.003233, -5.621448;	0.626836, 0.000313, -0.779151;	 0.607143, 0.000000
	4.460147, 4.003233, -5.621448;	0.626836, 0.000313, -0.779151;	 0.853403, 0.218170
	4.734718, 4.003233, -5.242548;	0.640047, 0.001679, -0.768333;	 0.678571, 0.000000
	4.734718, 4.003233, -5.242548;	0.640047, 0.001679, -0.768333;	 0.696124, 0.092744
~Stream // 56,74,288

Index i_Cone01
	0, 1, 2
	2, 3, 0
	4, 5, 1
	1, 0, 4
	6, 7, 5
	5, 4, 6
	8, 7, 6
	6, 10, 8
	12, 13, 9
	9, 11, 12
	14, 15, 13
	13, 12, 14
	16, 17, 15
	15, 14, 16
	18, 19, 17
	17, 16, 18
	20, 21, 19
	19, 18, 20
	22, 23, 21
	21, 20, 22
	24, 25, 23
	23, 22, 24
	26, 27, 25
	25, 24, 26
	28, 29, 27
	27, 26, 28
	3, 2, 29
	29, 28, 3
	30, 0, 3
	3, 31, 30
	32, 4, 0
	0, 30, 32
	33, 6, 4
	4, 32, 33
	34, 10, 6
	6, 33, 34
	36, 12, 11
	11, 35, 36
	37, 14, 12
	12, 36, 37
	38, 16, 14
	14, 37, 38
	39, 18, 16
	16, 38, 39
	40, 20, 18
	18, 39, 40
	41, 22, 20
	20, 40, 41
	42, 24, 22
	22, 41, 42
	43, 26, 24
	24, 42, 43
	44, 28, 26
	26, 43, 44
	31, 3, 28
	28, 44, 31
	45, 30, 31
	31, 47, 45
	49, 32, 30
	30, 45, 49
	51, 33, 32
	32, 49, 51
	53, 34, 33
	33, 51, 53
	56, 36, 35
	35, 54, 56
	58, 37, 36
	36, 56, 58
	60, 38, 37
	37, 58, 60
	62, 39, 38
	38, 60, 62
	64, 40, 39
	39, 62, 64
	66, 41, 40
	40, 64, 66
	68, 42, 41
	41, 66, 68
	70, 43, 42
	42, 68, 70
	72, 44, 43
	43, 70, 72
	47, 31, 44
	44, 72, 47
	50, 46, 48
	55, 52, 50
	55, 50, 48
	55, 48, 73
	59, 57, 55
	63, 61, 59
	63, 59, 55
	63, 55, 73
	67, 65, 63
	71, 69, 67
	71, 67, 63
	71, 63, 73
~Index

Stream s_Cone02[xyz|normal|tex2]
	-6.137648, 0.754873, 4.653594;	-0.859342, 0.002111, 0.511397;	 0.821429, 0.666667
	-6.115595, 0.000000, 4.676291;	-0.859737, 0.000295, 0.510737;	 0.821429, 1.000000
	-4.570747, -0.240118, 5.265250;	-0.861238, 0.007050, 0.508152;	 0.750000, 1.000000
	-5.905724, 0.754873, 4.296004;	-0.861105, 0.003098, 0.508418;	 0.750000, 0.666667
	-6.501757, 0.754873, 4.875144;	-0.859343, 0.000844, 0.511398;	 0.892857, 0.666667
	-6.491735, 0.000000, 4.905161;	-0.859263, -0.000623, 0.511534;	 0.892857, 1.000000
	-6.791677, 0.740991, 5.379191;	-0.859547, 0.003254, 0.511046;	 0.964286, 0.666667
	-6.692115, 0.000000, 5.037304;	-0.859434, -0.002403, 0.511242;	 0.964286, 1.000000
	-7.911134, -0.240118, 6.391020;	-0.861988, 0.005861, 0.506895;	 1.035714, 1.000000
	-7.911134, -0.240118, 6.391020;	-0.861988, 0.005861, 0.506895;	 0.035714, 1.000000
	-7.326168, 0.754873, 4.770234;	-0.863026, 0.004469, 0.505140;	 1.035714, 0.666667
	-7.326168, 0.754873, 4.770234;	-0.863026, 0.004469, 0.505140;	 0.035714, 0.666667
	-7.623185, 0.754873, 4.464553;	-0.864530, 0.001621, 0.502579;	 0.107143, 0.666667
	-7.668169, 0.000000, 4.468881;	-0.865882, 0.000551, 0.500248;	 0.107143, 1.000000
	-7.758157, 0.754873, 4.060274;	-0.865860, 0.000413, 0.500286;	 0.178571, 0.666667
	-7.807602, 0.000000, 4.051242;	-0.864124, 0.002261, 0.503274;	 0.178571, 1.000000
	-7.704353, 0.754873, 3.637468;	-0.865787, 0.003758, 0.500399;	 0.250000, 0.666667
	-9.092959, 0.000000, 3.123504;	-0.864688, 0.007613, 0.502252;	 0.250000, 1.000000
	-7.490379, 0.978588, 3.267755;	-0.868102, 0.003660, 0.496372;	 0.321429, 0.666667
	-9.090098, -0.041198, 2.667424;	-0.866559, 0.007547, 0.499018;	 0.321429, 1.000000
	-7.126269, 0.754873, 3.046206;	-0.868188, 0.001356, 0.496234;	 0.392857, 0.666667
	-7.136291, 0.000000, 3.016188;	-0.868383, 0.001454, 0.495892;	 0.392857, 1.000000
	-6.684142, 1.163271, 3.016700;	-0.867681, 0.001747, 0.497119;	 0.464286, 0.666667
	-5.761796, -0.369240, 1.422118;	-0.866112, 0.006766, 0.499804;	 0.464286, 1.000000
	-6.283909, 0.754873, 3.163238;	-0.864290, 0.003499, 0.502981;	 0.535714, 0.666667
	-5.965997, 0.000000, 2.995881;	-0.861989, 0.002828, 0.506920;	 0.535714, 1.000000
	-5.986892, 0.754873, 3.468919;	-0.863732, 0.001005, 0.503950;	 0.607143, 0.666667
	-5.959857, 0.000000, 3.452469;	-0.862263, 0.000365, 0.506461;	 0.607143, 1.000000
	-5.851920, 0.754873, 3.873199;	-0.861963, 0.000317, 0.506972;	 0.678571, 0.666667
	-5.820425, 0.000000, 3.870108;	-0.863294, 0.001838, 0.504698;	 0.678571, 1.000000
	-6.159701, 1.993704, 4.630898;	-0.859358, 0.000487, 0.511374;	 0.821429, 0.333333
	-5.935441, 1.993704, 4.285124;	-0.860258, 0.000368, 0.509859;	 0.750000, 0.333333
	-6.511779, 1.993704, 4.845127;	-0.859332, 0.000408, 0.511418;	 0.892857, 0.333333
	-6.921940, 1.993704, 4.885379;	-0.860132, 0.001444, 0.510069;	 0.964286, 0.333333
	-7.308948, 1.993704, 4.743683;	-0.862025, 0.000926, 0.506864;	 1.035714, 0.333333
	-7.308948, 1.993704, 4.743683;	-0.862025, 0.000926, 0.506864;	 0.035714, 0.333333
	-7.596150, 1.993704, 4.448103;	-0.863843, 0.000381, 0.503760;	 0.107143, 0.333333
	-7.726663, 1.993704, 4.057183;	-0.865952, 0.000593, 0.500127;	 0.178571, 0.333333
	-7.674636, 1.993704, 3.648348;	-0.867460, 0.000955, 0.497507;	 0.250000, 0.333333
	-7.450376, 1.993704, 3.302574;	-0.868399, 0.000642, 0.495865;	 0.321429, 0.333333
	-7.098298, 1.993704, 3.088345;	-0.868494, 0.000230, 0.495699;	 0.392857, 0.333333
	-6.688137, 1.993704, 3.048093;	-0.867654, 0.000176, 0.497169;	 0.464286, 0.333333
	-6.301129, 1.993704, 3.189789;	-0.866049, 0.000139, 0.499959;	 0.535714, 0.333333
	-6.013927, 1.993704, 3.485369;	-0.864008, 0.000181, 0.503478;	 0.607143, 0.333333
	-5.883414, 1.993704, 3.876289;	-0.861964, 0.000260, 0.506970;	 0.678571, 0.333333
	-6.210802, 2.848248, 4.562928;	-0.845959, 0.002758, 0.533241;	 0.821429, 0.000000
	-6.210802, 2.848248, 4.562928;	-0.845959, 0.002758, 0.533241;	 0.303876, 0.092744
	-5.953974, 2.990556, 4.243700;	-0.854062, 0.001181, 0.520170;	 0.750000, 0.000000
	-5.953974, 2.990556, 4.243700;	-0.854062, 0.001181, 0.520170;	 0.500000, 0.047980
	-6.510617, 2.990556, 4.784566;	-0.853308, 0.001597, 0.521405;	 0.892857, 0.000000
	-6.510617, 2.990556, 4.784566;	-0.853308, 0.001597, 0.521405;	 0.146597, 0.218170
	-6.906762, 2.802068, 4.823443;	-0.850626, 0.002309, 0.525766;	 0.964286, 0.000000
	-6.906762, 2.802068, 4.823443;	-0.850626, 0.002309, 0.525766;	 0.059313, 0.399416
	-7.280544, 2.802068, 4.686589;	-0.856730, 0.002498, 0.515759;	 1.035714, 0.000000
	-7.280544, 2.802068, 4.686589;	-0.856730, 0.002498, 0.515759;	 0.035714, 0.000000
	-7.280544, 2.802068, 4.686589;	-0.856730, 0.002498, 0.515759;	 0.059313, 0.600584
	-7.557932, 2.990556, 4.401110;	-0.864082, 0.001458, 0.503348;	 0.107143, 0.000000
	-7.557932, 2.990556, 4.401110;	-0.864082, 0.001458, 0.503348;	 0.146597, 0.781830
	-7.683985, 2.990556, 4.023548;	-0.869803, 0.000971, 0.493399;	 0.178571, 0.000000
	-7.683985, 2.990556, 4.023548;	-0.869803, 0.000971, 0.493399;	 0.303876, 0.907256
	-7.513224, 2.798972, 3.672808;	-0.878663, 0.004751, 0.477420;	 0.250000, 0.000000
	-7.513224, 2.798972, 3.672808;	-0.878663, 0.004751, 0.477420;	 0.500000, 0.952020
	-7.296627, 2.990556, 3.338850;	-0.875111, 0.003824, 0.483908;	 0.321429, 0.000000
	-7.296627, 2.990556, 3.338850;	-0.875111, 0.003824, 0.483908;	 0.696124, 0.907256
	-7.077094, 2.990556, 3.087819;	-0.875311, 0.001585, 0.483557;	 0.392857, 0.000000
	-7.077094, 2.990556, 3.087819;	-0.875311, 0.001585, 0.483557;	 0.853403, 0.781830
	-6.680949, 2.762342, 3.048942;	-0.877462, -0.000000, 0.479647;	 0.464286, 0.000000
	-6.680949, 2.762342, 3.048942;	-0.877462, -0.000000, 0.479647;	 0.940687, 0.600584
	-6.307167, 2.762342, 3.185796;	-0.871150, 0.000007, 0.491018;	 0.535714, 0.000000
	-6.307167, 2.762342, 3.185796;	-0.871150, 0.000007, 0.491018;	 0.940687, 0.399416
	-6.029779, 2.990556, 3.471275;	-0.863323, 0.000188, 0.504651;	 0.607143, 0.000000
	-6.029779, 2.990556, 3.471275;	-0.863323, 0.000188, 0.504651;	 0.853403, 0.218170
	-5.934485, 2.990556, 3.807592;	-0.858071, 0.001018, 0.513529;	 0.678571, 0.000000
	-5.934485, 2.990556, 3.807592;	-0.858071, 0.001018, 0.513529;	 0.696124, 0.092744
~Stream // 56,74,288

Index i_Cone02
	0, 1, 2
	2, 3, 0
	4, 5, 1
	1, 0, 4
	6, 7, 5
	5, 4, 6
	8, 7, 6
	6, 10, 8
	12, 13, 9
	9, 11, 12
	14, 15, 13
	13, 12, 14
	16, 17, 15
	15, 14, 16
	18, 19, 17
	17, 16, 18
	20, 21, 19
	19, 18, 20
	22, 23, 21
	21, 20, 22
	24, 25, 23
	23, 22, 24
	26, 27, 25
	25, 24, 26
	28, 29, 27
	27, 26, 28
	3, 2, 29
	29, 28, 3
	30, 0, 3
	3, 31, 30
	32, 4, 0
	0, 30, 32
	33, 6, 4
	4, 32, 33
	34, 10, 6
	6, 33, 34
	36, 12, 11
	11, 35, 36
	37, 14, 12
	12, 36, 37
	38, 16, 14
	14, 37, 38
	39, 18, 16
	16, 38, 39
	40, 20, 18
	18, 39, 40
	41, 22, 20
	20, 40, 41
	42, 24, 22
	22, 41, 42
	43, 26, 24
	24, 42, 43
	44, 28, 26
	26, 43, 44
	31, 3, 28
	28, 44, 31
	45, 30, 31
	31, 47, 45
	49, 32, 30
	30, 45, 49
	51, 33, 32
	32, 49, 51
	53, 34, 33
	33, 51, 53
	56, 36, 35
	35, 54, 56
	58, 37, 36
	36, 56, 58
	60, 38, 37
	37, 58, 60
	62, 39, 38
	38, 60, 62
	64, 40, 39
	39, 62, 64
	66, 41, 40
	40, 64, 66
	68, 42, 41
	41, 66, 68
	70, 43, 42
	42, 68, 70
	72, 44, 43
	43, 70, 72
	47, 31, 44
	44, 72, 47
	50, 46, 48
	55, 52, 50
	55, 50, 48
	55, 48, 73
	59, 57, 55
	63, 61, 59
	63, 59, 55
	63, 55, 73
	67, 65, 63
	71, 69, 67
	71, 67, 63
	71, 63, 73
~Index

Stream s_Cone03[xyz|normal|tex2]
	2.028118, 0.889948, 6.294715;	0.161893, 0.002839, 0.986804;	 0.821429, 0.666667
	2.060864, 0.000000, 6.276836;	0.161508, 0.000396, 0.986871;	 0.821429, 1.000000
	3.217858, -0.283084, 4.708227;	0.156566, 0.009485, 0.987622;	 0.750000, 1.000000
	1.695228, 0.889948, 5.918322;	0.156440, 0.004174, 0.987679;	 0.750000, 0.666667
	2.164731, 0.889948, 6.778269;	0.162149, 0.000903, 0.986766;	 0.892857, 0.666667
	2.201991, 0.000000, 6.776369;	0.162187, 0.000120, 0.986760;	 0.892857, 1.000000
	2.494348, 0.873582, 7.477449;	0.160724, 0.003247, 0.986994;	 0.964286, 0.666667
	2.288778, 0.000000, 7.045711;	0.162150, -0.000780, 0.986766;	 0.964286, 1.000000
	2.669136, -0.283084, 8.097024;	0.159565, 0.006503, 0.987166;	 1.035714, 1.000000
	2.669136, -0.283084, 8.097024;	0.159565, 0.006503, 0.987166;	 0.035714, 1.000000
	1.785127, 0.889948, 7.681510;	0.152950, 0.003501, 0.988228;	 1.035714, 0.666667
	1.785127, 0.889948, 7.681510;	0.152950, 0.003501, 0.988228;	 0.035714, 0.666667
	1.344096, 0.889948, 7.922299;	0.151367, 0.004445, 0.988468;	 0.107143, 0.666667
	2.264288, 0.000000, 8.530594;	0.155407, 0.009379, 0.987806;	 0.107143, 1.000000
	0.842266, 0.889948, 7.947886;	0.145372, 0.001297, 0.989376;	 0.178571, 0.666667
	0.816388, 0.000000, 8.001192;	0.148366, 0.003216, 0.988927;	 0.178571, 1.000000
	0.379032, 0.889948, 7.753202;	0.146196, 0.005031, 0.989243;	 0.250000, 0.666667
	-0.643423, 0.000000, 9.168043;	0.146303, 0.010247, 0.989187;	 0.250000, 1.000000
	0.026702, 1.153695, 7.393367;	0.139077, 0.004495, 0.990271;	 0.321429, 0.666667
	-0.883667, -0.048570, 8.694658;	0.140714, 0.008243, 0.990016;	 0.321429, 1.000000
	-0.109911, 0.889948, 6.909813;	0.138334, 0.002082, 0.990383;	 0.392857, 0.666667
	-0.147171, 0.000000, 6.578700;	0.138788, 0.004141, 0.990313;	 0.392857, 1.000000
	-0.003749, 0.303054, 6.398314;	0.138784, 0.004281, 0.990313;	 0.464286, 0.666667
	-0.755484, -0.435311, 5.219325;	0.143019, 0.008726, 0.989681;	 0.464286, 1.000000
	0.289132, 0.889948, 5.990014;	0.142846, 0.003025, 0.989740;	 0.535714, 0.666667
	0.199477, 0.000000, 5.576051;	0.153076, 0.004005, 0.988206;	 0.535714, 1.000000
	0.730163, 0.889948, 5.749226;	0.149229, 0.001354, 0.988802;	 0.607143, 0.666667
	0.720020, 0.000000, 5.713322;	0.153162, 0.000492, 0.988201;	 0.607143, 1.000000
	1.231993, 0.889948, 5.723639;	0.153981, 0.000427, 0.988074;	 0.678571, 0.666667
	1.238432, 0.000000, 5.686890;	0.150407, 0.002477, 0.988621;	 0.678571, 1.000000
	1.995372, 2.350453, 6.312593;	0.161609, 0.000655, 0.986855;	 0.821429, 0.333333
	1.673482, 2.350453, 5.948637;	0.158786, 0.000495, 0.987313;	 0.750000, 0.333333
	2.127470, 2.350453, 6.780169;	0.162252, 0.000548, 0.986749;	 0.892857, 0.333333
	2.043614, 2.350453, 7.258756;	0.160659, 0.001798, 0.987008;	 0.964286, 0.333333
	1.760411, 2.350453, 7.653563;	0.155845, 0.001727, 0.987780;	 1.035714, 0.333333
	1.760411, 2.350453, 7.653563;	0.155845, 0.001727, 0.987780;	 0.035714, 0.333333
	1.333953, 2.350453, 7.886395;	0.151817, 0.001145, 0.988408;	 0.107143, 0.333333
	0.848705, 2.350453, 7.911137;	0.145879, 0.000794, 0.989302;	 0.178571, 0.333333
	0.400778, 2.350453, 7.722887;	0.141563, 0.001278, 0.989928;	 0.250000, 0.333333
	0.078887, 2.350453, 7.358931;	0.138572, 0.000860, 0.990352;	 0.321429, 0.333333
	-0.053211, 2.350453, 6.891355;	0.137691, 0.000309, 0.990475;	 0.392857, 0.333333
	0.030645, 2.350453, 6.412768;	0.139413, 0.000191, 0.990234;	 0.464286, 0.333333
	0.313849, 2.350453, 6.017961;	0.143201, 0.000199, 0.989694;	 0.535714, 0.333333
	0.740307, 2.350453, 5.785129;	0.148496, 0.000244, 0.988913;	 0.607143, 0.333333
	1.225554, 2.350453, 5.760387;	0.153978, 0.000351, 0.988074;	 0.678571, 0.333333
	1.902026, 3.357907, 6.349162;	0.194653, 0.003733, 0.980865;	 0.821429, 0.000000
	1.902026, 3.357907, 6.349162;	0.194653, 0.003733, 0.980865;	 0.303876, 0.092744
	1.620576, 3.525680, 5.956602;	0.173297, 0.001599, 0.984868;	 0.750000, 0.000000
	1.620576, 3.525680, 5.956602;	0.173297, 0.001599, 0.984868;	 0.500000, 0.047980
	2.059051, 3.525680, 6.759717;	0.177846, 0.002148, 0.984056;	 0.892857, 0.000000
	2.059051, 3.525680, 6.759717;	0.177846, 0.002148, 0.984056;	 0.146597, 0.218170
	1.978060, 3.303464, 7.221950;	0.186615, 0.003092, 0.982428;	 0.964286, 0.000000
	1.978060, 3.303464, 7.221950;	0.186615, 0.003092, 0.982428;	 0.059313, 0.399416
	1.704535, 3.303464, 7.603265;	0.160480, 0.002878, 0.987035;	 1.035714, 0.000000
	1.704535, 3.303464, 7.603265;	0.160480, 0.002878, 0.987035;	 0.035714, 0.000000
	1.704535, 3.303464, 7.603265;	0.160480, 0.002878, 0.987035;	 0.059313, 0.600584
	1.292650, 3.525680, 7.605481;	0.156321, 0.005538, 0.987691;	 0.107143, 0.000000
	1.292650, 3.525680, 7.605481;	0.156321, 0.005538, 0.987691;	 0.146597, 0.781830
	0.823985, 3.525680, 7.852036;	0.143406, 0.003875, 0.989656;	 0.178571, 0.000000
	0.823985, 3.525680, 7.852036;	0.143406, 0.003875, 0.989656;	 0.303876, 0.907256
	0.479553, 3.299814, 7.547278;	0.113587, 0.006309, 0.993508;	 0.250000, 0.000000
	0.479553, 3.299814, 7.547278;	0.113587, 0.006309, 0.993508;	 0.500000, 0.952020
	0.168663, 3.525680, 7.195760;	0.121595, 0.005102, 0.992567;	 0.321429, 0.000000
	0.168663, 3.525680, 7.195760;	0.121595, 0.005102, 0.992567;	 0.696124, 0.907256
	-0.047110, 3.525680, 6.867104;	0.119520, 0.002122, 0.992830;	 0.392857, 0.000000
	-0.047110, 3.525680, 6.867104;	0.119520, 0.002122, 0.992830;	 0.853403, 0.781830
	0.033881, 3.256629, 6.404872;	0.111067, -0.000005, 0.993813;	 0.464286, 0.000000
	0.033881, 3.256629, 6.404872;	0.111067, -0.000005, 0.993813;	 0.940687, 0.600584
	0.307406, 3.256630, 6.044430;	0.125255, 0.000605, 0.992124;	 0.535714, 0.000000
	0.307406, 3.256630, 6.044430;	0.125255, 0.000605, 0.992124;	 0.940687, 0.399416
	0.719291, 3.525680, 5.798681;	0.147754, 0.000425, 0.989024;	 0.607143, 0.000000
	0.719291, 3.525680, 5.798681;	0.147754, 0.000425, 0.989024;	 0.853403, 0.218170
	1.131392, 3.525680, 5.796692;	0.161503, 0.001383, 0.986871;	 0.678571, 0.000000
	1.131392, 3.525680, 5.796692;	0.161503, 0.001383, 0.986871;	 0.696124, 0.092744
~Stream // 56,74,288

Index i_Cone03
	0, 1, 2
	2, 3, 0
	4, 5, 1
	1, 0, 4
	6, 7, 5
	5, 4, 6
	8, 7, 6
	6, 10, 8
	12, 13, 9
	9, 11, 12
	14, 15, 13
	13, 12, 14
	16, 17, 15
	15, 14, 16
	18, 19, 17
	17, 16, 18
	20, 21, 19
	19, 18, 20
	22, 23, 21
	21, 20, 22
	24, 25, 23
	23, 22, 24
	26, 27, 25
	25, 24, 26
	28, 29, 27
	27, 26, 28
	3, 2, 29
	29, 28, 3
	30, 0, 3
	3, 31, 30
	32, 4, 0
	0, 30, 32
	33, 6, 4
	4, 32, 33
	34, 10, 6
	6, 33, 34
	36, 12, 11
	11, 35, 36
	37, 14, 12
	12, 36, 37
	38, 16, 14
	14, 37, 38
	39, 18, 16
	16, 38, 39
	40, 20, 18
	18, 39, 40
	41, 22, 20
	20, 40, 41
	42, 24, 22
	22, 41, 42
	43, 26, 24
	24, 42, 43
	44, 28, 26
	26, 43, 44
	31, 3, 28
	28, 44, 31
	45, 30, 31
	31, 47, 45
	49, 32, 30
	30, 45, 49
	51, 33, 32
	32, 49, 51
	53, 34, 33
	33, 51, 53
	56, 36, 35
	35, 54, 56
	58, 37, 36
	36, 56, 58
	60, 38, 37
	37, 58, 60
	62, 39, 38
	38, 60, 62
	64, 40, 39
	39, 62, 64
	66, 41, 40
	40, 64, 66
	68, 42, 41
	41, 66, 68
	70, 43, 42
	42, 68, 70
	72, 44, 43
	43, 70, 72
	47, 31, 44
	44, 72, 47
	46, 48, 73
	52, 50, 46
	57, 55, 52
	57, 52, 46
	61, 59, 57
	65, 63, 61
	65, 61, 57
	65, 57, 46
	69, 67, 65
	69, 65, 46
	69, 46, 73
	71, 69, 73
~Index

Stream s_Cone04[xyz|normal|tex2]
	-5.667840, 1.010491, -4.147813;	-0.744531, 0.002797, -0.667582;	 0.821429, 0.666667
	-5.659449, 0.000000, -4.106291;	-0.746628, 0.000391, -0.665241;	 0.821429, 1.000000
	-4.346749, -0.321428, -2.324468;	-0.740474, 0.009314, -0.672020;	 0.750000, 1.000000
	-5.147772, 1.010491, -4.382438;	-0.738542, 0.004094, -0.674195;	 0.750000, 0.666667
	-6.238204, 1.010491, -4.162073;	-0.745060, 0.000747, -0.666997;	 0.892857, 0.666667
	-6.248661, 0.000000, -4.121021;	-0.744881, 0.000728, -0.667197;	 0.892857, 1.000000
	-7.589321, 0.991909, -4.235403;	-0.745800, 0.002547, -0.666165;	 0.964286, 0.666667
	-6.569948, 0.000000, -4.117366;	-0.743995, 0.002729, -0.668180;	 0.964286, 1.000000
	-8.000741, -0.321428, -3.476128;	-0.745326, 0.007014, -0.666664;	 1.035714, 1.000000
	-8.000741, -0.321428, -3.476128;	-0.745326, 0.007014, -0.666664;	 0.035714, 1.000000
	-7.090366, 1.010491, -4.877212;	-0.742964, 0.003314, -0.669323;	 1.035714, 0.666667
	-7.090366, 1.010491, -4.877212;	-0.742964, 0.003314, -0.669323;	 0.035714, 0.666667
	-7.203382, 1.010491, -5.436449;	-0.743374, 0.001470, -0.668874;	 0.107143, 0.666667
	-7.257161, 0.000000, -5.464154;	-0.742085, 0.000712, -0.670305;	 0.107143, 1.000000
	-7.062562, 1.010491, -5.989341;	-0.740784, 0.000542, -0.671743;	 0.178571, 0.666667
	-7.111688, 0.000000, -6.035316;	-0.743434, 0.002972, -0.668803;	 0.178571, 1.000000
	-6.695797, 1.010491, -6.426379;	-0.740413, 0.004926, -0.672135;	 0.250000, 0.666667
	-7.886909, 0.000000, -8.010623;	-0.740406, 0.009999, -0.672085;	 0.250000, 1.000000
	-6.187159, 1.309962, -6.687650;	-0.733992, 0.004779, -0.679141;	 0.321429, 0.666667
	-7.553399, -0.055149, -8.522014;	-0.735714, 0.009881, -0.677220;	 0.321429, 1.000000
	-5.616794, 1.010491, -6.673390;	-0.730806, 0.001770, -0.682583;	 0.392857, 0.666667
	-5.606339, 0.000000, -6.714442;	-0.731238, 0.001898, -0.682119;	 0.392857, 1.000000
	-5.097672, 1.557183, -6.386425;	-0.730512, 0.002284, -0.682896;	 0.464286, 0.666667
	-2.904499, -0.494273, -7.513681;	-0.733383, 0.009097, -0.679755;	 0.464286, 1.000000
	-4.753203, 1.010491, -5.931605;	-0.733280, 0.006761, -0.679894;	 0.535714, 0.666667
	-3.144928, 0.000000, -6.507115;	-0.734763, 0.010238, -0.678247;	 0.535714, 1.000000
	-4.640187, 1.010491, -5.372368;	-0.734409, 0.002415, -0.678703;	 0.607143, 0.666667
	-4.597838, 0.000000, -5.371309;	-0.737332, 0.000440, -0.675530;	 0.607143, 1.000000
	-4.781007, 1.010491, -4.819476;	-0.736441, 0.000418, -0.676502;	 0.678571, 0.666667
	-4.743311, 0.000000, -4.800148;	-0.734299, 0.002420, -0.678821;	 0.678571, 1.000000
	-5.676231, 2.668822, -4.189336;	-0.743487, 0.000645, -0.668750;	 0.821429, 0.333333
	-5.173349, 2.668822, -4.416208;	-0.740237, 0.000487, -0.672346;	 0.750000, 0.333333
	-6.227749, 2.668822, -4.203125;	-0.745917, 0.000540, -0.666039;	 0.892857, 0.333333
	-6.718667, 2.668822, -4.454842;	-0.746677, 0.001994, -0.665184;	 0.964286, 0.333333
	-7.051752, 2.668822, -4.894632;	-0.745790, 0.001810, -0.666179;	 1.035714, 0.333333
	-7.051752, 2.668822, -4.894632;	-0.745790, 0.001810, -0.666179;	 0.035714, 0.333333
	-7.161034, 2.668822, -5.435390;	-0.743974, 0.000501, -0.668209;	 0.107143, 0.333333
	-7.024867, 2.668822, -5.970012;	-0.740604, 0.000778, -0.671941;	 0.178571, 0.333333
	-6.670221, 2.668822, -6.392609;	-0.737221, 0.001248, -0.675650;	 0.250000, 0.333333
	-6.167338, 2.668822, -6.619481;	-0.733970, 0.000838, -0.679182;	 0.321429, 0.333333
	-5.615821, 2.668822, -6.605692;	-0.731360, 0.000300, -0.681992;	 0.392857, 0.333333
	-5.124903, 2.668822, -6.353975;	-0.730348, 0.000230, -0.683075;	 0.464286, 0.333333
	-4.791818, 2.668822, -5.914185;	-0.730989, 0.000183, -0.682389;	 0.535714, 0.333333
	-4.682536, 2.668822, -5.373426;	-0.733182, 0.000238, -0.680032;	 0.607143, 0.333333
	-4.818703, 2.668822, -4.838805;	-0.736438, 0.000343, -0.676505;	 0.678571, 0.333333
	-5.684539, 3.812736, -4.302865;	-0.757187, 0.003738, -0.653188;	 0.821429, 0.000000
	-5.684539, 3.812736, -4.302865;	-0.757187, 0.003738, -0.653188;	 0.303876, 0.092744
	-5.164216, 4.003233, -4.476266;	-0.742388, 0.001579, -0.669969;	 0.750000, 0.000000
	-5.164216, 4.003233, -4.476266;	-0.742388, 0.001579, -0.669969;	 0.500000, 0.047980
	-6.182584, 4.003233, -4.270464;	-0.754733, 0.002137, -0.656028;	 0.892857, 0.000000
	-6.182584, 4.003233, -4.270464;	-0.754733, 0.002137, -0.656028;	 0.146597, 0.218170
	-6.656725, 3.750918, -4.513579;	-0.767038, 0.003102, -0.641594;	 0.964286, 0.000000
	-6.656725, 3.750918, -4.513579;	-0.767038, 0.003102, -0.641594;	 0.059313, 0.399416
	-6.978428, 3.750918, -4.938341;	-0.764240, 0.003322, -0.644923;	 1.035714, 0.000000
	-6.978428, 3.750918, -4.938341;	-0.764240, 0.003322, -0.644923;	 0.035714, 0.000000
	-6.978428, 3.750918, -4.938341;	-0.764240, 0.003322, -0.644923;	 0.059313, 0.600584
	-7.083975, 4.003233, -5.460619;	-0.751944, 0.001917, -0.659224;	 0.107143, 0.000000
	-7.083975, 4.003233, -5.460619;	-0.751944, 0.001917, -0.659224;	 0.146597, 0.781830
	-6.952461, 4.003233, -5.976972;	-0.741754, 0.001264, -0.670671;	 0.178571, 0.000000
	-6.952461, 4.003233, -5.976972;	-0.741754, 0.001264, -0.670671;	 0.303876, 0.907256
	-6.506214, 3.746774, -6.248178;	-0.730190, 0.006095, -0.683217;	 0.250000, 0.000000
	-6.506214, 3.746774, -6.248178;	-0.730190, 0.006095, -0.683217;	 0.500000, 0.952020
	-6.020516, 4.003233, -6.467297;	-0.728838, 0.004935, -0.684669;	 0.321429, 0.000000
	-6.020516, 4.003233, -6.467297;	-0.728838, 0.004935, -0.684669;	 0.696124, 0.907256
	-5.591567, 4.003233, -6.590929;	-0.722714, 0.002045, -0.691144;	 0.392857, 0.000000
	-5.591567, 4.003233, -6.590929;	-0.722714, 0.002045, -0.691144;	 0.853403, 0.781830
	-5.117426, 3.697740, -6.347813;	-0.708675, -0.000000, -0.705535;	 0.464286, 0.000000
	-5.117426, 3.697740, -6.347813;	-0.708675, -0.000000, -0.705535;	 0.940687, 0.600584
	-4.795723, 3.697740, -5.923052;	-0.710870, 0.000009, -0.703323;	 0.535714, 0.000000
	-4.795723, 3.697740, -5.923052;	-0.710870, 0.000009, -0.703323;	 0.940687, 0.399416
	-4.690176, 4.003233, -5.400773;	-0.725541, 0.000248, -0.688179;	 0.607143, 0.000000
	-4.690176, 4.003233, -5.400773;	-0.725541, 0.000248, -0.688179;	 0.853403, 0.218170
	-4.826449, 4.003233, -4.953131;	-0.730789, 0.001353, -0.682602;	 0.678571, 0.000000
	-4.826449, 4.003233, -4.953131;	-0.730789, 0.001353, -0.682602;	 0.696124, 0.092744
~Stream // 56,74,288

Index i_Cone04
	0, 1, 2
	2, 3, 0
	4, 5, 1
	1, 0, 4
	6, 7, 5
	5, 4, 6
	8, 7, 6
	6, 10, 8
	12, 13, 9
	9, 11, 12
	14, 15, 13
	13, 12, 14
	16, 17, 15
	15, 14, 16
	18, 19, 17
	17, 16, 18
	20, 21, 19
	19, 18, 20
	22, 23, 21
	21, 20, 22
	24, 25, 23
	23, 22, 24
	26, 27, 25
	25, 24, 26
	28, 29, 27
	27, 26, 28
	3, 2, 29
	29, 28, 3
	30, 0, 3
	3, 31, 30
	32, 4, 0
	0, 30, 32
	33, 6, 4
	4, 32, 33
	34, 10, 6
	6, 33, 34
	36, 12, 11
	11, 35, 36
	37, 14, 12
	12, 36, 37
	38, 16, 14
	14, 37, 38
	39, 18, 16
	16, 38, 39
	40, 20, 18
	18, 39, 40
	41, 22, 20
	20, 40, 41
	42, 24, 22
	22, 41, 42
	43, 26, 24
	24, 42, 43
	44, 28, 26
	26, 43, 44
	31, 3, 28
	28, 44, 31
	45, 30, 31
	31, 47, 45
	49, 32, 30
	30, 45, 49
	51, 33, 32
	32, 49, 51
	53, 34, 33
	33, 51, 53
	56, 36, 35
	35, 54, 56
	58, 37, 36
	36, 56, 58
	60, 38, 37
	37, 58, 60
	62, 39, 38
	38, 60, 62
	64, 40, 39
	39, 62, 64
	66, 41, 40
	40, 64, 66
	68, 42, 41
	41, 66, 68
	70, 43, 42
	42, 68, 70
	72, 44, 43
	43, 70, 72
	47, 31, 44
	44, 72, 47
	50, 46, 48
	55, 52, 50
	55, 50, 48
	55, 48, 73
	59, 57, 55
	63, 61, 59
	63, 59, 55
	63, 55, 73
	67, 65, 63
	71, 69, 67
	71, 67, 63
	71, 63, 73
~Index

