// Hoe text model file	1,00
// Gejza'x	
// "Sklad_exp.max"(2) - Mon Sep 13 20:22:17 2004

Model Sklad
{

//--- Material List ---
// mesh time:0
Stream s_Podlaha[xyz|normal]
{
	-6.000000, 2.201915, 6.000000;	0.000000, 0.000000, 0.000000
	-6.000000, 2.201915, -6.000000;	0.000000, 0.000000, 0.000000
	6.000000, 2.201915, -6.000000;	0.000000, 0.000000, 0.000000
	6.000000, 2.201915, 6.000000;	0.000000, 0.000000, 0.000000
	-6.000000, 2.441915, 6.000000;	0.000000, 0.000000, 0.000000
	6.000000, 2.441915, 6.000000;	0.000000, 0.000000, 0.000000
	6.000000, 2.441915, -6.000000;	0.000000, 0.000000, 0.000000
	-6.000000, 2.441915, -6.000000;	0.000000, 0.000000, 0.000000
	-5.074047, 0.015419, 2.288521;	0.000000, 0.000000, 0.000000
	-4.225920, 0.015419, 2.288521;	0.000000, 0.000000, 0.000000
	-4.225920, 0.000000, 2.304769;	0.000000, 0.000000, 0.000000
	-5.074047, 0.000000, 2.304769;	0.000000, 0.000000, 0.000000
	-5.074048, 1.189349, 4.571765;	0.000000, 0.000000, 0.000000
	-4.225920, 1.189349, 4.571765;	0.000000, 0.000000, 0.000000
	-4.225920, 1.773161, 3.956556;	0.000000, 0.000000, 0.000000
	-5.074047, 1.773161, 3.956555;	0.000000, 0.000000, 0.000000
	-5.074047, -0.000000, 3.443115;	0.000000, 0.000000, 0.000000
	-4.225920, -0.000000, 3.443115;	0.000000, 0.000000, 0.000000
	-2.735791, 0.000000, 4.643025;	0.000000, 0.000000, 0.000000
	-2.735791, 0.000000, 3.794898;	0.000000, 0.000000, 0.000000
	-2.719543, 0.015420, 3.794898;	0.000000, 0.000000, 0.000000
	-2.719543, 0.015420, 4.643025;	0.000000, 0.000000, 0.000000
	-4.387578, 1.773161, 4.643024;	0.000000, 0.000000, 0.000000
	-4.387578, 1.773161, 3.794898;	0.000000, 0.000000, 0.000000
	-5.002787, 1.189349, 3.794898;	0.000000, 0.000000, 0.000000
	-5.002788, 1.189349, 4.643024;	0.000000, 0.000000, 0.000000
	-3.874137, 0.000000, 3.794898;	0.000000, 0.000000, 0.000000
	-3.874137, 0.000000, 4.643025;	0.000000, 0.000000, 0.000000
	-4.225920, 0.000001, 4.643024;	0.000000, 0.000000, 0.000000
	-5.074048, 0.000001, 4.643024;	0.000000, 0.000000, 0.000000
	-5.074048, 0.000001, 3.794898;	0.000000, 0.000000, 0.000000
	-4.225920, 0.000001, 3.794898;	0.000000, 0.000000, 0.000000
	-4.225920, 2.423221, 4.643024;	0.000000, 0.000000, 0.000000
	-4.225920, 2.423221, 3.794898;	0.000000, 0.000000, 0.000000
	-5.074048, 2.423221, 3.794898;	0.000000, 0.000000, 0.000000
	-5.074048, 2.423221, 4.643024;	0.000000, 0.000000, 0.000000
	-2.781101, 0.015419, -5.129258;	0.000000, 0.000000, 0.000000
	-2.781101, 0.015419, -4.281131;	0.000000, 0.000000, 0.000000
	-2.797349, 0.000000, -4.281131;	0.000000, 0.000000, 0.000000
	-2.797349, 0.000000, -5.129258;	0.000000, 0.000000, 0.000000
	-5.064345, 1.189349, -5.129258;	0.000000, 0.000000, 0.000000
	-5.064345, 1.189349, -4.281131;	0.000000, 0.000000, 0.000000
	-4.449136, 1.773161, -4.281131;	0.000000, 0.000000, 0.000000
	-4.449136, 1.773161, -5.129258;	0.000000, 0.000000, 0.000000
	-3.935695, -0.000000, -5.129258;	0.000000, 0.000000, 0.000000
	-3.935695, -0.000000, -4.281131;	0.000000, 0.000000, 0.000000
	-5.135605, 0.000000, -2.791003;	0.000000, 0.000000, 0.000000
	-4.287478, 0.000000, -2.791003;	0.000000, 0.000000, 0.000000
	-4.287478, 0.015420, -2.774754;	0.000000, 0.000000, 0.000000
	-5.135605, 0.015420, -2.774754;	0.000000, 0.000000, 0.000000
	-5.135605, 1.773161, -4.442789;	0.000000, 0.000000, 0.000000
	-4.287478, 1.773161, -4.442789;	0.000000, 0.000000, 0.000000
	-4.287478, 1.189349, -5.057998;	0.000000, 0.000000, 0.000000
	-5.135605, 1.189349, -5.057998;	0.000000, 0.000000, 0.000000
	-4.287478, 0.000000, -3.929348;	0.000000, 0.000000, 0.000000
	-5.135605, 0.000000, -3.929348;	0.000000, 0.000000, 0.000000
	-5.135605, 0.000001, -4.281132;	0.000000, 0.000000, 0.000000
	-5.135605, 0.000001, -5.129258;	0.000000, 0.000000, 0.000000
	-4.287477, 0.000001, -5.129258;	0.000000, 0.000000, 0.000000
	-4.287477, 0.000001, -4.281132;	0.000000, 0.000000, 0.000000
	-5.135605, 2.423221, -4.281132;	0.000000, 0.000000, 0.000000
	-4.287477, 2.423221, -4.281132;	0.000000, 0.000000, 0.000000
	-4.287477, 2.423221, -5.129258;	0.000000, 0.000000, 0.000000
	-5.135605, 2.423221, -5.129258;	0.000000, 0.000000, 0.000000
	4.707069, 0.015419, -2.694048;	0.000000, 0.000000, 0.000000
	3.858942, 0.015419, -2.694048;	0.000000, 0.000000, 0.000000
	3.858942, 0.000000, -2.710296;	0.000000, 0.000000, 0.000000
	4.707069, 0.000000, -2.710296;	0.000000, 0.000000, 0.000000
	4.707069, 1.189349, -4.977292;	0.000000, 0.000000, 0.000000
	3.858943, 1.189349, -4.977292;	0.000000, 0.000000, 0.000000
	3.858942, 1.773161, -4.362082;	0.000000, 0.000000, 0.000000
	4.707069, 1.773161, -4.362082;	0.000000, 0.000000, 0.000000
	4.707069, -0.000000, -3.848642;	0.000000, 0.000000, 0.000000
	3.858942, -0.000000, -3.848642;	0.000000, 0.000000, 0.000000
	2.368814, 0.000000, -5.048552;	0.000000, 0.000000, 0.000000
	2.368814, 0.000000, -4.200425;	0.000000, 0.000000, 0.000000
	2.352565, 0.015420, -4.200425;	0.000000, 0.000000, 0.000000
	2.352565, 0.015420, -5.048552;	0.000000, 0.000000, 0.000000
	4.020600, 1.773161, -5.048552;	0.000000, 0.000000, 0.000000
	4.020599, 1.773161, -4.200425;	0.000000, 0.000000, 0.000000
	4.635809, 1.189349, -4.200425;	0.000000, 0.000000, 0.000000
	4.635809, 1.189349, -5.048552;	0.000000, 0.000000, 0.000000
	3.507159, 0.000000, -4.200425;	0.000000, 0.000000, 0.000000
	3.507159, 0.000000, -5.048552;	0.000000, 0.000000, 0.000000
	3.858943, 0.000001, -5.048552;	0.000000, 0.000000, 0.000000
	4.707070, 0.000001, -5.048552;	0.000000, 0.000000, 0.000000
	4.707070, 0.000001, -4.200424;	0.000000, 0.000000, 0.000000
	3.858943, 0.000001, -4.200424;	0.000000, 0.000000, 0.000000
	3.858943, 2.423221, -5.048552;	0.000000, 0.000000, 0.000000
	3.858943, 2.423221, -4.200425;	0.000000, 0.000000, 0.000000
	4.707070, 2.423221, -4.200424;	0.000000, 0.000000, 0.000000
	4.707070, 2.423221, -5.048552;	0.000000, 0.000000, 0.000000
	2.456336, 0.015419, 4.655226;	0.000000, 0.000000, 0.000000
	2.456336, 0.015419, 3.807099;	0.000000, 0.000000, 0.000000
	2.472584, 0.000000, 3.807099;	0.000000, 0.000000, 0.000000
	2.472584, 0.000000, 4.655226;	0.000000, 0.000000, 0.000000
	4.739580, 1.189349, 4.655226;	0.000000, 0.000000, 0.000000
	4.739580, 1.189349, 3.807099;	0.000000, 0.000000, 0.000000
	4.124371, 1.773161, 3.807099;	0.000000, 0.000000, 0.000000
	4.124371, 1.773161, 4.655226;	0.000000, 0.000000, 0.000000
	3.610930, -0.000000, 4.655226;	0.000000, 0.000000, 0.000000
	3.610930, -0.000000, 3.807099;	0.000000, 0.000000, 0.000000
	4.810840, 0.000000, 2.316970;	0.000000, 0.000000, 0.000000
	3.962713, 0.000000, 2.316970;	0.000000, 0.000000, 0.000000
	3.962713, 0.015420, 2.300722;	0.000000, 0.000000, 0.000000
	4.810840, 0.015420, 2.300722;	0.000000, 0.000000, 0.000000
	4.810840, 1.773161, 3.968756;	0.000000, 0.000000, 0.000000
	3.962713, 1.773161, 3.968756;	0.000000, 0.000000, 0.000000
	3.962713, 1.189349, 4.583966;	0.000000, 0.000000, 0.000000
	4.810840, 1.189349, 4.583966;	0.000000, 0.000000, 0.000000
	3.962713, 0.000000, 3.455316;	0.000000, 0.000000, 0.000000
	4.810840, 0.000000, 3.455316;	0.000000, 0.000000, 0.000000
	4.810840, 0.000001, 3.807099;	0.000000, 0.000000, 0.000000
	4.810840, 0.000001, 4.655226;	0.000000, 0.000000, 0.000000
	3.962713, 0.000001, 4.655226;	0.000000, 0.000000, 0.000000
	3.962713, 0.000001, 3.807099;	0.000000, 0.000000, 0.000000
	4.810840, 2.423221, 3.807099;	0.000000, 0.000000, 0.000000
	3.962713, 2.423221, 3.807099;	0.000000, 0.000000, 0.000000
	3.962713, 2.423221, 4.655226;	0.000000, 0.000000, 0.000000
	4.810840, 2.423221, 4.655226;	0.000000, 0.000000, 0.000000
} // 120,120,564

Index i_Podlaha
{
	0, 1, 2
	2, 3, 0
	4, 5, 6
	6, 7, 4
	0, 3, 5
	5, 4, 0
	3, 2, 6
	6, 5, 3
	2, 1, 7
	7, 6, 2
	1, 0, 4
	4, 7, 1
	8, 9, 10
	10, 11, 8
	12, 13, 14
	14, 15, 12
	15, 14, 9
	9, 8, 15
	16, 12, 15
	15, 8, 11
	16, 15, 11
	16, 17, 13
	13, 12, 16
	14, 13, 17
	14, 17, 10
	14, 10, 9
	16, 11, 10
	10, 17, 16
	18, 19, 20
	20, 21, 18
	22, 23, 24
	24, 25, 22
	21, 20, 23
	23, 22, 21
	26, 24, 23
	19, 26, 23
	20, 19, 23
	25, 24, 26
	26, 27, 25
	18, 21, 22
	22, 25, 27
	18, 22, 27
	18, 27, 26
	26, 19, 18
	28, 29, 30
	30, 31, 28
	32, 33, 34
	34, 35, 32
	28, 31, 33
	33, 32, 28
	31, 30, 34
	34, 33, 31
	30, 29, 35
	35, 34, 30
	29, 28, 32
	32, 35, 29
	36, 37, 38
	38, 39, 36
	40, 41, 42
	42, 43, 40
	43, 42, 37
	37, 36, 43
	44, 40, 43
	43, 36, 39
	44, 43, 39
	44, 45, 41
	41, 40, 44
	42, 41, 45
	42, 45, 38
	42, 38, 37
	44, 39, 38
	38, 45, 44
	46, 47, 48
	48, 49, 46
	50, 51, 52
	52, 53, 50
	49, 48, 51
	51, 50, 49
	54, 52, 51
	47, 54, 51
	48, 47, 51
	53, 52, 54
	54, 55, 53
	46, 49, 50
	50, 53, 55
	46, 50, 55
	46, 55, 54
	54, 47, 46
	56, 57, 58
	58, 59, 56
	60, 61, 62
	62, 63, 60
	56, 59, 61
	61, 60, 56
	59, 58, 62
	62, 61, 59
	58, 57, 63
	63, 62, 58
	57, 56, 60
	60, 63, 57
	64, 65, 66
	66, 67, 64
	68, 69, 70
	70, 71, 68
	71, 70, 65
	65, 64, 71
	72, 68, 71
	71, 64, 67
	72, 71, 67
	72, 73, 69
	69, 68, 72
	70, 69, 73
	70, 73, 66
	70, 66, 65
	72, 67, 66
	66, 73, 72
	74, 75, 76
	76, 77, 74
	78, 79, 80
	80, 81, 78
	77, 76, 79
	79, 78, 77
	82, 80, 79
	75, 82, 79
	76, 75, 79
	81, 80, 82
	82, 83, 81
	74, 77, 78
	78, 81, 83
	74, 78, 83
	74, 83, 82
	82, 75, 74
	84, 85, 86
	86, 87, 84
	88, 89, 90
	90, 91, 88
	84, 87, 89
	89, 88, 84
	87, 86, 90
	90, 89, 87
	86, 85, 91
	91, 90, 86
	85, 84, 88
	88, 91, 85
	92, 93, 94
	94, 95, 92
	96, 97, 98
	98, 99, 96
	99, 98, 93
	93, 92, 99
	100, 96, 99
	99, 92, 95
	100, 99, 95
	100, 101, 97
	97, 96, 100
	98, 97, 101
	98, 101, 94
	98, 94, 93
	100, 95, 94
	94, 101, 100
	102, 103, 104
	104, 105, 102
	106, 107, 108
	108, 109, 106
	105, 104, 107
	107, 106, 105
	110, 108, 107
	103, 110, 107
	104, 103, 107
	109, 108, 110
	110, 111, 109
	102, 105, 106
	106, 109, 111
	102, 106, 111
	102, 111, 110
	110, 103, 102
	112, 113, 114
	114, 115, 112
	116, 117, 118
	118, 119, 116
	112, 115, 117
	117, 116, 112
	115, 114, 118
	118, 117, 115
	114, 113, 119
	119, 118, 114
	113, 112, 116
	116, 119, 113
}

}
