// Hoe text model file	1.00
// Gejza'x	
// "Tovarna_exp.max" - Fri Sep 23 17:55:24 2005


Stream s_Tovarna[xyz|normal|tex2]
	39.252190, 25.550398, -7.227829;	0.001925, 0.650254, 0.759715;	 0.797306, 0.940687
	39.252190, 25.550398, -7.227829;	0.001925, 0.650254, 0.759715;	 0.758470, 0.940707
	39.252190, 25.550398, -7.227829;	0.001925, 0.650254, 0.759715;	 0.000000, 1.000000
	39.286625, 25.550398, -7.262264;	0.814422, 0.421415, 0.398905;	 0.797306, 0.940687
	39.286625, 25.550398, -7.262264;	0.814422, 0.421415, 0.398905;	 0.000000, 1.000000
	39.286625, 25.550398, -7.262264;	0.814422, 0.421415, 0.398905;	 0.797306, 0.940687
	39.286625, 25.550398, -7.262264;	0.814422, 0.421415, 0.398905;	 0.985474, 0.452296
	39.286625, 25.550398, -7.262264;	0.814422, 0.421415, 0.398905;	 0.422319, 0.244725
	39.286625, 29.808798, -10.872759;	0.002071, 0.999996, -0.001743;	 0.777907, 0.965131
	35.638813, 25.550398, -10.841199;	-0.759460, 0.650552, -0.001782;	 0.758470, 0.940707
	35.638813, 25.550398, -10.841199;	-0.759460, 0.650552, -0.001782;	 0.000000, 1.000000
	35.638813, 25.550398, -10.841199;	-0.759460, 0.650552, -0.001782;	 0.000000, 1.000000
	35.670376, 25.550398, -10.872759;	-0.461277, 0.356427, -0.812517;	 0.758470, 0.940707
	35.670376, 25.550398, -10.872759;	-0.461277, 0.356427, -0.812517;	 0.000000, 1.000000
	35.670376, 25.550398, -10.872759;	-0.461277, 0.356427, -0.812517;	 0.866256, 0.461766
	35.670376, 25.550398, -10.872759;	-0.461277, 0.356427, -0.812517;	 0.900742, 0.452445
	32.473183, 25.550398, -10.872759;	0.000000, 1.000000, 0.000000;	 0.307464, 0.789775
	32.473183, 0.000000, -10.872759;	0.000000, -1.000000, 0.000000;	 0.000000, 1.000000
	35.670376, 0.000000, -10.872759;	0.000000, -0.707107, -0.707107;	 0.000000, 1.000000
	35.670376, 0.000000, -10.872759;	0.000000, -0.707107, -0.707107;	 0.866257, 0.635271
	35.638813, 0.000000, -10.841199;	-0.500000, -0.707107, -0.500000;	 0.000000, 1.000000
	35.638813, 0.000000, -10.841199;	-0.500000, -0.707107, -0.500000;	 0.900518, 0.635699
	39.286625, 25.550398, 0.199081;	0.000000, 1.000000, 0.000000;	 0.000000, 1.000000
	8.839272, 25.550398, -10.872759;	0.586219, 0.620216, -0.521229;	 0.713750, 0.988924
	8.839272, 25.550398, -10.872759;	0.586219, 0.620216, -0.521229;	 0.731114, 0.461768
	8.839272, 25.550398, -10.872759;	0.586219, 0.620216, -0.521229;	 0.899880, 0.431826
	5.219427, 29.808798, -10.872759;	-0.002315, 0.999997, -0.000694;	 0.733241, 0.965042
	5.219427, 25.550398, -7.265861;	-0.648449, 0.574924, 0.498976;	 0.752899, 0.988913
	5.219427, 25.550398, -7.265861;	-0.648449, 0.574924, 0.498976;	 0.984633, 0.431766
	5.219427, 25.550398, -7.265861;	-0.648449, 0.574924, 0.498976;	 0.682724, 0.463083
	8.870831, 25.550398, -10.841199;	0.000000, 1.000000, 0.000000;	 0.713750, 0.988924
	8.870831, 25.550398, -10.841199;	0.000000, 1.000000, 0.000000;	 0.000000, 1.000000
	5.257462, 25.550398, -7.227826;	0.000000, 1.000000, 0.000000;	 0.752899, 0.988913
	5.257462, 25.550398, -7.227826;	0.000000, 1.000000, 0.000000;	 0.000000, 1.000000
	5.257462, 25.550398, -7.227826;	0.000000, 1.000000, 0.000000;	 0.000000, 1.000000
	5.257462, 25.550398, -14.454571;	0.197671, 0.287159, -0.937265;	 0.713746, 0.940789
	5.257462, 25.550398, -14.454571;	0.197671, 0.287159, -0.937265;	 0.928238, 0.431796
	1.644089, 25.550398, -10.841199;	-0.937065, 0.286668, -0.199326;	 0.752890, 0.940784
	1.644089, 25.550398, -10.841199;	-0.937065, 0.286668, -0.199326;	 0.956840, 0.431766
	42.865559, 25.550398, -10.841199;	0.937289, 0.286977, 0.197822;	 0.797309, 0.988892
	42.865559, 25.550398, -10.841199;	0.937289, 0.286977, 0.197822;	 0.957761, 0.452253
	39.252186, 25.550398, -14.454571;	0.199404, 0.287058, -0.936929;	 0.758473, 0.988911
	39.252186, 25.550398, -14.454571;	0.199404, 0.287058, -0.936929;	 0.928029, 0.452327
	8.853404, 25.550398, -10.823769;	0.000000, 0.000000, 0.000000;	 0.000000, 1.000000
	8.853404, 25.550398, -10.823769;	0.000000, 0.000000, 0.000000;	 0.000000, 1.000000
	39.291523, 25.550398, -10.886855;	0.641457, 0.612547, -0.461865;	 0.000000, 1.000000
	39.291523, 25.550398, -10.886855;	0.641457, 0.612547, -0.461865;	 0.684670, 0.989222
	5.224290, 25.550398, -10.872057;	-0.663663, 0.589346, -0.460677;	 0.000000, 1.000000
	5.224290, 25.550398, -10.872057;	-0.663663, 0.589346, -0.460677;	 0.421623, 0.989248
	8.839272, 0.000000, -10.872759;	0.382684, 0.000000, -0.923879;	 0.731115, 0.635273
	8.839272, 0.000000, -10.872759;	0.382684, 0.000000, -0.923879;	 0.899878, 0.248573
	5.257462, 0.000000, -14.454571;	-0.316228, 0.000000, -0.948683;	 0.928236, 0.248542
	39.252186, 0.000000, -14.454571;	-0.316228, 0.000000, -0.948683;	 0.928029, 0.635581
	42.865559, 0.000000, -10.841199;	0.948683, 0.000000, -0.316228;	 0.957762, 0.635507
	39.252190, 0.000000, -7.227829;	0.707107, 0.000000, 0.707107;	 0.985721, 0.635549
	1.644089, 0.000000, -10.841199;	-0.948683, 0.000000, 0.316228;	 0.956840, 0.248513
	5.219427, 0.000000, -7.265861;	-0.923880, 0.000000, 0.382683;	 0.984633, 0.248512
	5.219427, 0.000000, -7.265861;	-0.923880, 0.000000, 0.382683;	 0.682725, 0.636588
	5.219427, 0.000000, 44.486435;	-0.707107, 0.000000, 0.707107;	 0.422062, 0.636592
	5.219427, 0.000000, 44.486435;	-0.707107, 0.000000, 0.707107;	 0.867127, 0.420349
	5.219427, 25.550398, 44.486435;	-0.609845, 0.576935, 0.543355;	 0.422060, 0.463087
	5.219427, 25.550398, 44.486435;	-0.609845, 0.576935, 0.543355;	 0.867127, 0.246845
	5.219427, 25.550398, 44.486435;	-0.609845, 0.576935, 0.543355;	 0.421622, 0.666022
	39.286625, 25.550398, 44.486435;	0.487003, 0.473987, 0.733597;	 0.731199, 0.246845
	39.286625, 25.550398, 44.486435;	0.487003, 0.473987, 0.733597;	 0.682965, 0.244723
	39.286625, 25.550398, 44.486435;	0.487003, 0.473987, 0.733597;	 0.684670, 0.666019
	39.286625, 0.000000, 44.486435;	0.894427, 0.000000, 0.447214;	 0.731199, 0.420349
	39.286625, 0.000000, 44.486435;	0.894427, 0.000000, 0.447214;	 0.682966, 0.418227
	39.286625, 0.000000, -7.262264;	1.000000, 0.000000, 0.000000;	 0.422321, 0.418230
	21.691694, 41.030994, 17.761948;	-0.007623, 0.999939, 0.007985;	 0.551375, 0.824913
	52.443588, 8.268849, 52.719872;	0.267261, 0.801784, 0.534522;	 0.700907, 0.088998
	52.443588, 8.268849, 52.719872;	0.267261, 0.801784, 0.534522;	 0.373076, 0.723932
	52.443588, 8.268849, 52.719872;	0.267261, 0.801784, 0.534522;	 0.420755, 0.135391
	-53.548634, 8.268849, 52.719868;	-0.534522, 0.801784, 0.267261;	 0.420755, 0.088998
	-53.548634, 8.268849, 52.719868;	-0.534522, 0.801784, 0.267261;	 0.017333, 0.723932
	-53.548634, 8.268849, 52.719868;	-0.534522, 0.801784, 0.267261;	 0.700907, 0.042605
	-53.548634, -0.247950, 52.719868;	-0.447214, 0.000000, 0.894427;	 0.420755, 0.061362
	-53.548634, -0.247950, 52.719868;	-0.447214, 0.000000, 0.894427;	 0.700907, 0.014969
	52.443588, -0.247950, 52.719872;	0.894427, 0.000000, 0.447214;	 0.700907, 0.061362
	52.443588, -0.247950, 52.719872;	0.894427, 0.000000, 0.447214;	 0.420755, 0.107755
	49.432449, 8.268849, 49.708725;	-0.534522, 0.801784, -0.267261;	 0.362969, 0.731322
	49.432449, 8.268849, 49.708725;	-0.534522, 0.801784, -0.267261;	 0.716380, 0.135365
	49.432449, 8.268849, 49.708725;	-0.534522, 0.801784, -0.267261;	 0.980615, 0.088972
	-50.537491, 8.268849, 49.708725;	0.267261, 0.801784, -0.534522;	 0.027439, 0.731322
	-50.537491, 8.268849, 49.708725;	0.267261, 0.801784, -0.534522;	 0.980615, 0.135365
	-50.537491, 8.268849, 49.708725;	0.267261, 0.801784, -0.534522;	 0.716380, 0.042579
	49.432449, -0.247950, 49.708725;	-0.447214, 0.000000, -0.894427;	 0.716380, 0.107729
	49.432449, -0.247950, 49.708725;	-0.447214, 0.000000, -0.894427;	 0.980615, 0.061336
	-50.537491, -0.247950, 49.708725;	0.894427, 0.000000, -0.447214;	 0.980615, 0.107729
	-50.537491, -0.247950, 49.708725;	0.894427, 0.000000, -0.447214;	 0.716380, 0.014943
	52.443588, 8.268849, -53.272354;	0.577350, 0.577350, -0.577350;	 0.700907, 0.135391
	52.443588, 8.268849, -53.272354;	0.577350, 0.577350, -0.577350;	 0.373076, 0.984045
	52.443588, 8.268849, -53.272354;	0.577350, 0.577350, -0.577350;	 0.420755, 0.181784
	52.443588, -0.247950, -53.272354;	0.707107, 0.000000, -0.707107;	 0.700907, 0.107755
	52.443588, -0.247950, -53.272354;	0.707107, 0.000000, -0.707107;	 0.420755, 0.154148
	49.432446, 8.268849, -50.261215;	-0.235702, 0.942809, 0.235702;	 0.362969, 0.976656
	49.432446, 8.268849, -50.261215;	-0.235702, 0.942809, 0.235702;	 0.716380, 0.088972
	49.432446, 8.268849, -50.261215;	-0.235702, 0.942809, 0.235702;	 0.979973, 0.180009
	49.432446, -0.247950, -50.261215;	-0.554700, -0.000000, 0.832050;	 0.716380, 0.061336
	49.432446, -0.247950, -50.261215;	-0.554700, -0.000000, 0.832050;	 0.979973, 0.152373
	6.902821, -0.247950, -53.272354;	-0.316228, 0.000000, -0.948683;	 0.541125, 0.154148
	6.902821, -0.247950, -53.272354;	-0.316228, 0.000000, -0.948683;	 0.815224, 0.195244
	6.902822, 8.268849, -53.272354;	-0.707107, 0.000000, -0.707107;	 0.541125, 0.181784
	6.902822, 8.268849, -53.272354;	-0.707107, 0.000000, -0.707107;	 0.782382, 0.195244
	8.594482, 8.268849, -53.272354;	0.484815, 0.484816, -0.727948;	 0.536654, 0.181784
	8.594482, 8.268849, -53.272354;	0.484815, 0.484816, -0.727948;	 0.225904, 0.984045
	8.594482, 8.268849, -53.272354;	0.484815, 0.484816, -0.727948;	 0.447994, 0.194227
	8.598979, 8.268849, -50.261208;	0.235780, 0.235780, 0.942770;	 0.225920, 0.976656
	8.598979, 8.268849, -50.261208;	0.235780, 0.235780, 0.942770;	 0.872044, 0.180009
	8.598979, 8.268849, -50.261208;	0.235780, 0.235780, 0.942770;	 0.447994, 0.208482
	6.902822, 8.268849, -50.261208;	-0.707107, -0.000000, 0.707107;	 0.867561, 0.180009
	6.902822, 8.268849, -50.261208;	-0.707107, -0.000000, 0.707107;	 0.782383, 0.209499
	6.902822, -0.247950, -50.261208;	-0.894427, 0.000000, 0.447214;	 0.867561, 0.152373
	6.902822, -0.247950, -50.261208;	-0.894427, 0.000000, 0.447214;	 0.815224, 0.209499
	-53.548637, 8.268849, -53.272346;	-0.267261, 0.801784, -0.534522;	 0.420755, 0.042605
	-53.548637, 8.268849, -53.272346;	-0.267261, 0.801784, -0.534522;	 0.017333, 0.984045
	-53.548637, 8.268849, -53.272346;	-0.267261, 0.801784, -0.534522;	 0.702805, 0.181581
	-53.548637, -0.247950, -53.272346;	-0.894427, 0.000000, -0.447214;	 0.420755, 0.014969
	-53.548637, -0.247950, -53.272346;	-0.894427, 0.000000, -0.447214;	 0.702805, 0.153945
	-50.537498, 8.268849, -50.261208;	0.534522, 0.801784, 0.267261;	 0.027439, 0.976656
	-50.537498, 8.268849, -50.261208;	0.534522, 0.801784, 0.267261;	 0.980615, 0.042579
	-50.537498, 8.268849, -50.261208;	0.534522, 0.801784, 0.267261;	 0.716452, 0.179941
	-50.537498, -0.247950, -50.261208;	0.316228, 0.000000, 0.948683;	 0.980615, 0.014943
	-50.537498, -0.247950, -50.261208;	0.316228, 0.000000, 0.948683;	 0.716452, 0.152305
	-6.704092, -0.247950, -53.272346;	0.554700, 0.000000, -0.832050;	 0.578988, 0.153945
	-6.704092, -0.247950, -53.272346;	0.554700, 0.000000, -0.832050;	 0.681705, 0.209557
	-8.427849, 8.268849, -53.272346;	-0.218242, 0.436484, -0.872841;	 0.583544, 0.181581
	-8.427849, 8.268849, -53.272346;	-0.218242, 0.436484, -0.872841;	 0.168772, 0.984045
	-8.427849, 8.268849, -53.272346;	-0.218242, 0.436484, -0.872841;	 0.901248, 0.211414
	-6.704095, 8.268849, -53.272346;	0.832050, 0.000000, -0.554700;	 0.578988, 0.181581
	-6.704095, 8.268849, -53.272346;	0.832050, 0.000000, -0.554700;	 0.648864, 0.209557
	-0.752096, 18.403069, -53.272346;	0.762602, -0.248595, -0.597193;	 0.609786, 0.209557
	-0.752096, 18.403069, -53.272346;	0.762602, -0.248595, -0.597193;	 0.563256, 0.214466
	-0.752096, 20.126825, -53.272346;	-0.022174, 0.862732, -0.505175;	 0.603139, 0.209557
	-0.752096, 20.126825, -53.272346;	-0.022174, 0.862732, -0.505175;	 0.563256, 0.220059
	-0.752096, 20.126825, -53.272346;	-0.022174, 0.862732, -0.505175;	 0.946973, 0.211414
	-0.752096, 20.125080, -50.261208;	0.562110, 0.324391, 0.760791;	 0.603146, 0.195302
	-0.752096, 20.125080, -50.261208;	0.562110, 0.324391, 0.760791;	 0.848042, 0.218413
	-0.752096, 20.125080, -50.261208;	0.562110, 0.324391, 0.760791;	 0.946966, 0.197160
	-0.752096, 18.403069, -50.261208;	0.735405, -0.580916, 0.348879;	 0.609786, 0.195302
	-0.752096, 18.403069, -50.261208;	0.735405, -0.580916, 0.348879;	 0.848042, 0.212826
	-8.426107, 8.268849, -50.261208;	-0.534390, 0.267195, 0.801894;	 0.827759, 0.179941
	-8.426107, 8.268849, -50.261208;	-0.534390, 0.267195, 0.801894;	 0.168778, 0.976656
	-8.426107, 8.268849, -50.261208;	-0.534390, 0.267195, 0.801894;	 0.901248, 0.197160
	-6.704095, 8.268849, -50.261208;	0.600000, 0.000000, 0.800000;	 0.832310, 0.179941
	-6.704095, 8.268849, -50.261208;	0.600000, 0.000000, 0.800000;	 0.648864, 0.195302
	-6.704095, -0.247950, -50.261208;	0.707106, 0.000000, 0.707107;	 0.832310, 0.152305
	-6.704095, -0.247950, -50.261208;	0.707106, 0.000000, 0.707107;	 0.681705, 0.195302
	0.936337, 20.109217, -53.272354;	-0.561930, 0.324284, -0.760969;	 0.736725, 0.195245
	0.936337, 20.109217, -53.272354;	-0.561930, 0.324284, -0.760969;	 0.556896, 0.220205
	0.936337, 20.109217, -53.272354;	-0.561930, 0.324284, -0.760969;	 0.493651, 0.194227
	0.936337, 18.417555, -53.272354;	-0.735234, -0.581115, -0.348907;	 0.743249, 0.195245
	0.936337, 18.417555, -53.272354;	-0.735234, -0.581115, -0.348907;	 0.556896, 0.214715
	0.936337, 18.417555, -50.261208;	-0.762548, -0.248675, 0.597228;	 0.743249, 0.209499
	0.936337, 18.417555, -50.261208;	-0.762548, -0.248675, 0.597228;	 0.851791, 0.212940
	0.936337, 20.113712, -50.261208;	0.022409, 0.863060, 0.504603;	 0.736708, 0.209499
	0.936337, 20.113712, -50.261208;	0.022409, 0.863060, 0.504603;	 0.493668, 0.208482
	0.936337, 20.113712, -50.261208;	0.022409, 0.863060, 0.504603;	 0.851791, 0.218444
	-6.704095, 12.270297, -53.272346;	0.670490, -0.199919, -0.714476;	 0.578988, 0.194566
	-6.704095, 12.270297, -53.272346;	0.670490, -0.199919, -0.714476;	 0.633434, 0.209557
	-8.427849, 12.270297, -53.272346;	-0.693420, 0.097516, -0.713904;	 0.583544, 0.194566
	-8.427849, 12.270297, -53.272346;	-0.693420, 0.097516, -0.713904;	 0.916678, 0.211414
	-6.704095, 12.270297, -50.261208;	0.692483, -0.099959, 0.714476;	 0.633434, 0.195302
	-6.704095, 12.270297, -50.261208;	0.692483, -0.099959, 0.714476;	 0.832310, 0.192926
	-8.426107, 12.270297, -50.261208;	-0.672154, 0.194923, 0.714293;	 0.827759, 0.192926
	-8.426107, 12.270297, -50.261208;	-0.672154, 0.194923, 0.714293;	 0.916678, 0.197160
	6.902822, 12.270297, -53.272354;	-0.692492, -0.099930, -0.714471;	 0.766953, 0.195244
	6.902822, 12.270297, -53.272354;	-0.692492, -0.099930, -0.714471;	 0.541125, 0.194768
	6.902822, 12.270297, -50.261208;	-0.670512, -0.199862, 0.714471;	 0.766953, 0.209499
	6.902822, 12.270297, -50.261208;	-0.670512, -0.199862, 0.714471;	 0.867561, 0.192993
	8.594482, 12.270297, -53.272354;	0.671845, 0.194867, -0.714599;	 0.536654, 0.194768
	8.594482, 12.270297, -53.272354;	0.671845, 0.194867, -0.714599;	 0.463424, 0.194227
	8.598979, 12.270297, -50.261208;	0.693730, 0.097574, 0.713595;	 0.463424, 0.208482
	8.598979, 12.270297, -50.261208;	0.693730, 0.097574, 0.713595;	 0.872044, 0.192993
	-5.253042, 15.408253, -53.272346;	0.483071, -0.499667, -0.719010;	 0.575152, 0.204748
	-5.253042, 15.408253, -53.272346;	0.483071, -0.499667, -0.719010;	 0.621334, 0.209557
	-6.471926, 16.627132, -53.272346;	-0.564277, 0.402108, -0.721042;	 0.578374, 0.208703
	-6.471926, 16.627132, -53.272346;	-0.564277, 0.402108, -0.721042;	 0.933478, 0.211414
	-5.253042, 15.408253, -50.261208;	0.567842, -0.400724, 0.719010;	 0.621334, 0.195302
	-5.253042, 15.408253, -50.261208;	0.567842, -0.400724, 0.719010;	 0.836146, 0.203108
	-6.470691, 16.625896, -50.261208;	-0.470142, 0.508457, 0.721414;	 0.832927, 0.207059
	-6.470691, 16.625896, -50.261208;	-0.470142, 0.508457, 0.721414;	 0.933473, 0.197160
	5.447526, 15.418495, -53.272346;	-0.567807, -0.400733, -0.719033;	 0.754813, 0.195244
	5.447526, 15.418495, -53.272346;	-0.567807, -0.400733, -0.719033;	 0.544972, 0.204984
	5.447526, 15.418496, -50.261208;	-0.482941, -0.499759, 0.719033;	 0.754813, 0.209499
	5.447526, 15.418496, -50.261208;	-0.482941, -0.499759, 0.719033;	 0.863714, 0.203209
	6.643711, 16.614679, -53.272346;	0.470025, 0.508176, -0.721689;	 0.541810, 0.208865
	6.643711, 16.614679, -53.272346;	0.470025, 0.508176, -0.721689;	 0.480176, 0.194227
	6.646890, 16.617857, -50.261208;	0.564552, 0.402280, 0.720730;	 0.480188, 0.208482
	6.646890, 16.617857, -50.261208;	0.564552, 0.402280, 0.720730;	 0.866884, 0.207100
	-24.438635, 21.209227, 44.426590;	0.000000, 0.894427, 0.447214;	 0.888255, 0.752283
	-24.438635, 21.209227, 44.426590;	0.000000, 0.894427, 0.447214;	 0.879486, 0.752323
	-24.438635, 0.000000, 44.426590;	0.000000, 0.000000, 1.000000;	 0.988971, 0.752284
	5.489792, 0.000000, 44.426590;	0.000000, 0.000000, 1.000000;	 0.988971, 0.926759
	5.489792, 21.209227, 44.426590;	0.000000, 0.980581, 0.196116;	 0.888255, 0.926759
	5.489792, 21.209227, 44.426590;	0.000000, 0.980581, 0.196116;	 0.879486, 0.926798
	-12.523959, 12.204349, 31.143316;	-0.301584, 0.300777, -0.904755;	 0.709715, 0.666978
	-12.523959, 12.204349, 31.143316;	-0.301584, 0.300777, -0.904755;	 0.716675, 0.661171
	-12.523959, 12.204349, 31.143316;	-0.301584, 0.300777, -0.904755;	 0.767545, 0.821747
	-12.523959, 12.204349, 31.443489;	-0.410242, 0.398272, -0.820415;	 0.716673, 0.666978
	-12.538491, 17.626305, 31.371639;	-0.663919, -0.670099, -0.331932;	 0.716673, 0.736488
	-12.538491, 17.626305, 31.143316;	-0.192430, -0.192947, -0.962155;	 0.709716, 0.736488
	-12.538491, 17.626305, 31.143316;	-0.192430, -0.192947, -0.962155;	 0.716676, 0.743338
	-12.538491, 17.626305, 31.143316;	-0.192430, -0.192947, -0.962155;	 0.793292, 0.821662
	-17.559996, 17.626305, 31.371639;	0.665114, -0.339589, -0.665058;	 0.769385, 0.736487
	-17.545467, 12.204349, 31.443489;	0.409695, 0.815063, -0.409661;	 0.769384, 0.666977
	-17.545467, 12.204349, 31.143316;	0.365082, 0.183520, -0.912708;	 0.773114, 0.666977
	-17.545467, 12.204349, 31.143316;	0.365082, 0.183520, -0.912708;	 0.769382, 0.661170
	-17.545467, 12.204349, 31.143316;	0.365082, 0.183520, -0.912708;	 0.767545, 0.792473
	-17.559996, 17.626305, 31.143316;	0.333531, -0.666170, -0.667064;	 0.773115, 0.736487
	-17.559996, 17.626305, 31.143316;	0.333531, -0.666170, -0.667064;	 0.769383, 0.743338
	-17.559996, 17.626305, 31.143316;	0.333531, -0.666170, -0.667064;	 0.793292, 0.792388
	-0.412270, 3.687549, 31.143316;	-0.577862, 0.576315, -0.577873;	 0.727102, 0.892356
	-0.412270, 3.687549, 31.143316;	-0.577862, 0.576315, -0.577873;	 0.908817, 0.743055
	-0.412270, 3.687549, 31.143316;	-0.577862, 0.576315, -0.577873;	 0.914402, 0.736485
	-0.413105, 3.999224, 31.143316;	-0.707099, -0.001895, -0.707112;	 0.728582, 0.892351
	-0.413105, 3.999224, 31.143316;	-0.707099, -0.001895, -0.707112;	 0.914402, 0.735055
	5.489792, 0.000000, 31.143316;	0.000000, 0.000000, -1.000000;	 0.709591, 0.926763
	-24.438635, 0.000000, 31.143316;	0.000000, 0.000000, -1.000000;	 0.709590, 0.752288
	-24.438635, 21.209227, 31.143316;	0.000000, 0.600000, -0.800000;	 0.810306, 0.752288
	-24.438635, 21.209227, 31.143316;	0.000000, 0.600000, -0.800000;	 0.816408, 0.752323
	5.489792, 21.209227, 31.143316;	0.000000, 0.624695, -0.780869;	 0.810307, 0.926762
	5.489792, 21.209227, 31.143316;	0.000000, 0.624695, -0.780869;	 0.816408, 0.926798
	-0.412270, 12.204349, 31.143316;	-0.408429, 0.407336, -0.816862;	 0.922664, 0.666975
	-0.412270, 12.204349, 31.143316;	-0.408429, 0.407336, -0.816862;	 0.928476, 0.659237
	-0.412270, 12.204349, 31.143316;	-0.408429, 0.407336, -0.816862;	 0.767545, 0.892355
	-0.412270, 12.204349, 31.443489;	-0.410242, 0.398272, -0.820415;	 0.928472, 0.666975
	-0.426803, 17.626305, 31.371639;	-0.663919, -0.670099, -0.331932;	 0.928473, 0.736486
	-0.426803, 17.626305, 31.143316;	-0.408065, -0.409160, -0.816132;	 0.922665, 0.736485
	-0.426803, 17.626305, 31.143316;	-0.408065, -0.409160, -0.816132;	 0.928477, 0.744230
	-0.426803, 17.626305, 31.143316;	-0.408065, -0.409160, -0.816132;	 0.793292, 0.892270
	-5.448311, 17.626305, 31.371639;	0.665114, -0.339589, -0.665058;	 0.981185, 0.736485
	-5.433778, 12.204349, 31.443489;	0.409695, 0.815063, -0.409661;	 0.981184, 0.666975
	-5.433778, 12.204349, 31.143316;	0.365082, 0.183520, -0.912708;	 0.987517, 0.666975
	-5.433778, 12.204349, 31.143316;	0.365082, 0.183520, -0.912708;	 0.981181, 0.659237
	-5.433778, 12.204349, 31.143316;	0.365082, 0.183520, -0.912708;	 0.767545, 0.863081
	-5.448311, 17.626305, 31.143316;	0.267363, -0.534011, -0.802091;	 0.987518, 0.736484
	-5.448311, 17.626305, 31.143316;	0.267363, -0.534011, -0.802091;	 0.981182, 0.744229
	-5.448311, 17.626305, 31.143316;	0.267363, -0.534011, -0.802091;	 0.793292, 0.862996
	-5.448311, 9.109506, 31.143316;	0.267363, -0.534011, -0.802091;	 0.752849, 0.862997
	-5.448311, 9.109506, 31.143316;	0.267363, -0.534011, -0.802091;	 0.851500, 0.666976
	-5.448311, 9.109506, 31.143316;	0.267363, -0.534011, -0.802091;	 0.856110, 0.660849
	-5.443749, 7.407494, 31.143316;	0.447212, 0.001199, -0.894427;	 0.744767, 0.863023
	-5.443749, 7.407494, 31.143316;	0.447212, 0.001199, -0.894427;	 0.851501, 0.688600
	-5.448311, 9.109506, 31.371639;	0.800738, -0.271841, -0.533781;	 0.856107, 0.666976
	-0.426803, 9.109506, 31.371639;	-0.799346, -0.538572, -0.266434;	 0.908818, 0.666975
	-0.412270, 3.687549, 31.443489;	-0.410242, 0.398272, -0.820415;	 0.908819, 0.736486
	-5.433778, 3.687549, 31.443489;	0.409695, 0.815063, -0.409661;	 0.856109, 0.736486
	-5.433778, 3.687549, 31.143316;	0.436323, 0.219332, -0.872649;	 0.851501, 0.736486
	-5.433778, 3.687549, 31.143316;	0.436323, 0.219332, -0.872649;	 0.856112, 0.743056
	-5.433778, 3.687549, 31.143316;	0.436323, 0.219332, -0.872649;	 0.727102, 0.863082
	-0.426803, 9.109506, 31.143316;	-0.235666, -0.236299, -0.942669;	 0.914402, 0.666975
	-0.426803, 9.109506, 31.143316;	-0.235666, -0.236299, -0.942669;	 0.908815, 0.660848
	-0.426803, 9.109506, 31.143316;	-0.235666, -0.236299, -0.942669;	 0.752849, 0.892271
	-12.523959, 3.687549, 31.143316;	-0.408429, 0.407336, -0.816862;	 0.843445, 0.736486
	-12.523959, 3.687549, 31.143316;	-0.408429, 0.407336, -0.816862;	 0.837512, 0.743174
	-12.523959, 3.687549, 31.143316;	-0.408429, 0.407336, -0.816862;	 0.727101, 0.821747
	-12.523959, 3.687549, 31.443489;	-0.410242, 0.398272, -0.820415;	 0.837514, 0.736487
	-12.538491, 9.109506, 31.371639;	-0.665296, -0.671737, -0.325807;	 0.837513, 0.666976
	-12.538491, 9.109506, 31.143316;	-0.301176, -0.302272, -0.904392;	 0.843445, 0.666976
	-12.538491, 9.109506, 31.143316;	-0.301176, -0.302272, -0.904392;	 0.837510, 0.660655
	-12.538491, 9.109506, 31.143316;	-0.301176, -0.302272, -0.904392;	 0.752849, 0.821663
	-17.559996, 9.109506, 31.371639;	0.670496, -0.342510, -0.658120;	 0.784802, 0.666977
	-17.545467, 3.687549, 31.443489;	0.409695, 0.815063, -0.409661;	 0.784804, 0.736487
	-17.545467, 3.687549, 31.143316;	0.668652, 0.335916, -0.663373;	 0.780199, 0.736487
	-17.545467, 3.687549, 31.143316;	0.668652, 0.335916, -0.663373;	 0.784807, 0.743175
	-17.545467, 3.687549, 31.143316;	0.668652, 0.335916, -0.663373;	 0.727101, 0.792473
	-17.556351, 9.104722, 31.143316;	0.183876, -0.367040, -0.911850;	 0.780199, 0.666977
	-17.556351, 9.104722, 31.143316;	0.183876, -0.367040, -0.911850;	 0.784805, 0.660656
	-17.556351, 9.104722, 31.143316;	0.183876, -0.367040, -0.911850;	 0.752826, 0.792410
	-17.559996, 9.109506, 31.143316;	0.000000, 0.000000, -1.000000;	 0.752848, 0.792388
	-14.440960, 21.209227, 39.667759;	0.182574, 0.912871, 0.365148;	 0.856887, 0.810607
	-14.440960, 21.209227, 39.667759;	0.182574, 0.912871, 0.365148;	 0.952668, 0.942579
	-14.440960, 21.209227, 39.667759;	0.182574, 0.912871, 0.365148;	 0.942635, 0.955335
	-16.859169, 21.209227, 36.740105;	-0.267261, 0.801784, -0.534522;	 0.842985, 0.796509
	-16.859169, 21.209227, 36.740105;	-0.267261, 0.801784, -0.534522;	 0.979769, 0.973929
	-16.859169, 21.209227, 36.740105;	-0.267261, 0.801784, -0.534522;	 0.970621, 0.985474
	-16.859169, 21.209227, 39.667759;	-0.666667, 0.666667, 0.333333;	 0.856887, 0.796509
	-16.859169, 21.209227, 39.667759;	-0.666667, 0.666667, 0.333333;	 0.942635, 0.973929
	-16.859169, 21.209227, 39.667759;	-0.666667, 0.666667, 0.333333;	 0.952668, 0.985475
	-14.440960, 22.358782, 39.667759;	0.666667, 0.666667, 0.333333;	 0.952666, 0.955294
	-14.440960, 22.358782, 36.740105;	0.408248, 0.408248, -0.816497;	 0.970625, 0.955296
	-16.859169, 22.358782, 36.740105;	-0.666667, 0.666667, -0.333333;	 0.970625, 0.973930
	-16.859169, 22.358782, 39.667759;	-0.408248, 0.408248, 0.816497;	 0.952666, 0.973930
	-14.440960, 21.209227, 36.740105;	0.436436, 0.872872, -0.218218;	 0.979769, 0.955342
	-14.440960, 21.209227, 36.740105;	0.436436, 0.872872, -0.218218;	 0.970620, 0.942578
	-14.440960, 21.209227, 36.740105;	0.436436, 0.872872, -0.218218;	 0.842985, 0.810607
	-1.543283, 21.209227, 39.667759;	0.333333, 0.666667, 0.666667;	 0.856888, 0.885797
	-1.543283, 21.209227, 39.667759;	0.333333, 0.666667, 0.666667;	 0.904392, 0.941134
	-1.543283, 21.209227, 39.667759;	0.333333, 0.666667, 0.666667;	 0.894798, 0.955166
	-3.961495, 21.209227, 39.667759;	-0.534522, 0.801784, 0.267261;	 0.856888, 0.871699
	-3.961495, 21.209227, 39.667759;	-0.534522, 0.801784, 0.267261;	 0.894798, 0.973637
	-3.961495, 21.209227, 39.667759;	-0.534522, 0.801784, 0.267261;	 0.904396, 0.989243
	-1.543283, 21.209227, 36.740105;	0.534522, 0.801784, -0.267261;	 0.842985, 0.885797
	-1.543283, 21.209227, 36.740105;	0.534522, 0.801784, -0.267261;	 0.934492, 0.955163
	-1.543283, 21.209227, 36.740105;	0.534522, 0.801784, -0.267261;	 0.922767, 0.941134
	-3.961495, 21.209227, 36.740105;	-0.218218, 0.872872, -0.436436;	 0.842985, 0.871699
	-3.961495, 21.209227, 36.740105;	-0.218218, 0.872872, -0.436436;	 0.934492, 0.973634
	-3.961495, 21.209227, 36.740105;	-0.218218, 0.872872, -0.436436;	 0.922769, 0.989243
	-1.543283, 22.358782, 39.667759;	0.666667, 0.666667, 0.333333;	 0.904384, 0.955154
	-1.543283, 22.358782, 36.740105;	0.408248, 0.408248, -0.816497;	 0.922775, 0.955153
	-3.961495, 22.358782, 36.740105;	-0.666667, 0.666667, -0.333333;	 0.922775, 0.973660
	-3.961495, 22.358782, 39.667759;	-0.408248, 0.408248, 0.816497;	 0.904386, 0.973660
	-41.272907, 25.550398, 18.903124;	0.000000, 0.000000, 0.000000;	 0.000000, 1.000000
	-41.272907, 25.550398, 18.903124;	0.000000, 0.000000, 0.000000;	 0.000000, 1.000000
	-41.272907, 25.550398, 6.127924;	-0.401752, 0.382476, -0.832050;	 0.000000, 1.000000
	-41.272907, 25.550398, 6.127924;	-0.401752, 0.382476, -0.832050;	 0.123281, 0.110926
	-41.272907, 25.550398, 6.127924;	-0.401752, 0.382476, -0.832050;	 0.216602, 0.015130
	-41.272907, 25.550398, 6.127924;	-1.000000, 0.000000, 0.000000;	 0.000000, 1.000000
	-41.272907, 25.550398, 6.127924;	-1.000000, 0.000000, 0.000000;	 0.217641, 0.420403
	-24.239307, 25.550398, 18.903124;	0.000000, 0.000000, 0.000000;	 0.000000, 1.000000
	-24.239307, 25.550398, 18.903124;	0.000000, 0.000000, 0.000000;	 0.000000, 1.000000
	-24.239307, 25.550398, 6.127924;	1.000000, 0.000000, 0.000000;	 0.000000, 1.000000
	-24.239307, 25.550398, 6.127924;	1.000000, 0.000000, 0.000000;	 0.176198, 0.418575
	-24.239307, 25.550398, 6.127924;	0.323903, 0.308362, -0.894427;	 0.000000, 1.000000
	-24.239307, 25.550398, 6.127924;	0.323903, 0.308362, -0.894427;	 0.123281, 0.222690
	-24.239307, 25.550398, 6.127924;	0.323903, 0.308362, -0.894427;	 0.175197, 0.013632
	-41.272907, 25.550398, 31.678324;	0.000000, 0.000000, 0.000000;	 0.000000, 1.000000
	-41.272907, 25.550398, 31.678324;	0.000000, 0.000000, 0.000000;	 0.000000, 1.000000
	-24.239307, 25.550398, 31.678324;	0.000000, 0.000000, 0.000000;	 0.000000, 1.000000
	-24.239307, 25.550398, 31.678324;	0.000000, 0.000000, 0.000000;	 0.000000, 1.000000
	-41.272907, 25.550398, 44.453522;	-1.000000, 0.000000, 0.000000;	 0.000000, 1.000000
	-41.272907, 25.550398, 44.453522;	-1.000000, 0.000000, 0.000000;	 0.377185, 0.420403
	-41.272907, 25.550398, 44.453522;	-0.323903, 0.308362, 0.894427;	 0.000000, 1.000000
	-41.272907, 25.550398, 44.453522;	-0.323903, 0.308362, 0.894427;	 0.325685, 0.229133
	-41.272907, 25.550398, 44.453522;	-0.323903, 0.308362, 0.894427;	 0.376146, 0.015130
	-24.239307, 25.550398, 44.453522;	0.595663, 0.335482, 0.729820;	 0.000000, 1.000000
	-24.239307, 25.550398, 44.453522;	0.595663, 0.335482, 0.729820;	 0.325685, 0.117368
	-24.239307, 25.550398, 44.453522;	0.595663, 0.335482, 0.729820;	 0.016654, 0.418575
	-24.239307, 25.550398, 44.453522;	0.595663, 0.335482, 0.729820;	 0.015653, 0.013632
	-24.239307, 25.550398, 44.453522;	0.000000, 0.000000, 0.000000;	 0.000000, 1.000000
	-41.272907, 0.000000, 6.127924;	-0.894427, 0.000000, -0.447214;	 0.217641, 0.252756
	-41.272907, 0.000000, 6.127924;	-0.894427, 0.000000, -0.447214;	 0.016918, 0.110926
	-41.272907, 0.000000, 44.453522;	-0.447214, 0.000000, 0.894427;	 0.377185, 0.252756
	-41.272907, 0.000000, 44.453522;	-0.447214, 0.000000, 0.894427;	 0.219323, 0.229133
	-32.756107, 34.496429, 44.453522;	-0.300646, 0.858663, 0.415103;	 0.362926, 0.173250
	-32.756107, 34.496429, 44.453522;	-0.300646, 0.858663, 0.415103;	 0.376146, 0.096175
	-32.756107, 34.496429, 44.453522;	-0.300646, 0.858663, 0.415103;	 0.015653, 0.094677
	-24.239307, 0.000000, 44.453522;	0.894427, 0.000000, 0.447214;	 0.219323, 0.117368
	-24.239307, 0.000000, 44.453522;	0.894427, 0.000000, 0.447214;	 0.016654, 0.250929
	-24.239307, 0.000000, 6.127924;	0.447214, 0.000000, -0.894427;	 0.176198, 0.250929
	-24.239307, 0.000000, 6.127924;	0.447214, 0.000000, -0.894427;	 0.016918, 0.222690
	-32.756107, 34.496429, 6.127924;	0.300646, 0.858663, -0.415103;	 0.160522, 0.166808
	-32.756107, 34.496429, 6.127924;	0.300646, 0.858663, -0.415103;	 0.216602, 0.096175
	-32.756107, 34.496429, 6.127924;	0.300646, 0.858663, -0.415103;	 0.175197, 0.094677
	-3.079690, 1.581457, -14.980513;	0.218929, 0.965816, 0.138811;	 0.079916, 0.933412
	-3.079690, 1.581457, -44.789310;	0.138847, 0.925591, -0.352141;	 0.079916, 0.789775
	-45.663681, 1.581457, -44.789310;	-0.218929, 0.965817, -0.138811;	 0.307464, 0.789775
	-45.663681, 1.581457, -14.980513;	-0.138847, 0.925591, 0.352141;	 0.307464, 0.933412
	39.305344, 40.027218, -10.876781;	0.000000, 0.000000, -1.000000;	 0.013383, 0.504427
	39.305344, 34.065460, -10.876781;	0.000000, 0.000000, -1.000000;	 0.013383, 0.454975
	5.238148, 34.065460, -10.876781;	0.000000, 0.000000, -1.000000;	 0.377899, 0.454975
	5.238148, 40.027218, -10.876781;	0.000000, 0.000000, -1.000000;	 0.377899, 0.504427
	39.305344, 40.027218, -10.876781;	0.000000, 0.000000, 1.000000;	 0.377482, 0.579199
	5.238148, 40.027218, -10.876781;	0.000000, 0.000000, 1.000000;	 0.012966, 0.579199
	5.238148, 34.065460, -10.876781;	0.000000, 0.000000, 1.000000;	 0.012966, 0.529748
	39.305344, 34.065460, -10.876781;	0.000000, 0.000000, 1.000000;	 0.377482, 0.529748
	39.288593, 41.030994, -10.450941;	0.235702, 0.666667, 0.707107;	 0.373052, 0.664087
	39.288593, 41.030994, -10.450941;	0.235702, 0.666667, 0.707107;	 0.374555, 0.612552
	39.288593, 41.030994, -10.450941;	0.235702, 0.666667, 0.707107;	 0.071751, 0.596169
	39.288593, 23.997396, -10.450941;	-0.288675, -0.408248, 0.866025;	 0.201998, 0.664087
	39.288593, 23.997396, -10.450941;	-0.288675, -0.408248, 0.866025;	 0.203500, 0.612552
	39.288593, 23.997396, -10.450941;	-0.288675, -0.408248, 0.866025;	 0.000000, 1.000000
	39.714436, 23.997396, -10.876781;	0.707107, -0.666667, 0.235702;	 0.201998, 0.659092
	39.714436, 23.997396, -10.876781;	0.707107, -0.666667, 0.235702;	 0.012715, 0.664087
	39.714436, 23.997396, -10.876781;	0.707107, -0.666667, 0.235702;	 0.000000, 1.000000
	39.714436, 41.030994, -10.876781;	0.866025, 0.408248, -0.288675;	 0.373052, 0.659092
	39.714436, 41.030994, -10.876781;	0.866025, 0.408248, -0.288675;	 0.183769, 0.664087
	39.714436, 41.030994, -10.876781;	0.866025, 0.408248, -0.288675;	 0.076027, 0.592637
	38.862755, 41.030994, -10.876781;	-0.866025, 0.408248, 0.288675;	 0.374555, 0.617547
	38.862755, 41.030994, -10.876781;	-0.866025, 0.408248, 0.288675;	 0.183802, 0.636249
	38.862755, 41.030994, -10.876781;	-0.866025, 0.408248, 0.288675;	 0.076027, 0.599701
	38.862755, 23.997396, -10.876781;	-0.707107, -0.666667, -0.235702;	 0.203500, 0.617547
	38.862755, 23.997396, -10.876781;	-0.707107, -0.666667, -0.235702;	 0.012748, 0.636249
	38.862755, 23.997396, -10.876781;	-0.707107, -0.666667, -0.235702;	 0.000000, 1.000000
	39.288593, 41.030994, -11.302621;	-0.235702, 0.666667, -0.707107;	 0.183802, 0.641244
	39.288593, 41.030994, -11.302621;	-0.235702, 0.666667, -0.707107;	 0.183769, 0.659092
	39.288593, 41.030994, -11.302621;	-0.235702, 0.666667, -0.707107;	 0.080304, 0.596169
	39.288593, 23.997396, -11.302621;	0.288675, -0.408248, -0.866025;	 0.012748, 0.641244
	39.288593, 23.997396, -11.302621;	0.288675, -0.408248, -0.866025;	 0.012715, 0.659092
	39.288593, 23.997396, -11.302621;	0.288675, -0.408248, -0.866025;	 0.000000, 1.000000
	5.218356, 41.030994, -10.450941;	0.235702, 0.666667, 0.707107;	 0.184352, 0.679257
	5.218356, 41.030994, -10.450941;	0.235702, 0.666667, 0.707107;	 0.373368, 0.677627
	5.218356, 41.030994, -10.450941;	0.235702, 0.666667, 0.707107;	 0.100358, 0.593813
	5.218356, 23.997396, -10.450941;	-0.288675, -0.408248, 0.866025;	 0.013298, 0.679257
	5.218356, 23.997396, -10.450941;	-0.288675, -0.408248, 0.866025;	 0.202314, 0.677627
	5.218356, 23.997396, -10.450941;	-0.288675, -0.408248, 0.866025;	 0.000000, 1.000000
	5.644196, 23.997396, -10.876781;	0.707107, -0.666667, 0.235702;	 0.013298, 0.679257
	5.644196, 23.997396, -10.876781;	0.707107, -0.666667, 0.235702;	 0.014217, 0.617547
	5.644196, 23.997396, -10.876781;	0.707107, -0.666667, 0.235702;	 0.000000, 1.000000
	5.644196, 41.030994, -10.876781;	0.866025, 0.408248, -0.288675;	 0.184352, 0.679257
	5.644196, 41.030994, -10.876781;	0.866025, 0.408248, -0.288675;	 0.185271, 0.617547
	5.644196, 41.030994, -10.876781;	0.866025, 0.408248, -0.288675;	 0.104634, 0.597345
	4.792516, 41.030994, -10.876781;	-0.866025, 0.408248, 0.288675;	 0.373368, 0.681159
	4.792516, 41.030994, -10.876781;	-0.866025, 0.408248, 0.288675;	 0.374206, 0.636249
	4.792516, 41.030994, -10.876781;	-0.866025, 0.408248, 0.288675;	 0.096081, 0.597345
	4.792516, 23.997396, -10.876781;	-0.707107, -0.666667, -0.235702;	 0.202314, 0.681159
	4.792516, 23.997396, -10.876781;	-0.707107, -0.666667, -0.235702;	 0.203152, 0.636249
	4.792516, 23.997396, -10.876781;	-0.707107, -0.666667, -0.235702;	 0.000000, 1.000000
	5.218356, 41.030994, -11.302621;	-0.235702, 0.666667, -0.707107;	 0.374206, 0.641244
	5.218356, 41.030994, -11.302621;	-0.235702, 0.666667, -0.707107;	 0.185271, 0.612552
	5.218356, 41.030994, -11.302621;	-0.235702, 0.666667, -0.707107;	 0.100358, 0.600878
	5.218356, 23.997396, -11.302621;	0.288675, -0.408248, -0.866025;	 0.203152, 0.641244
	5.218356, 23.997396, -11.302621;	0.288675, -0.408248, -0.866025;	 0.014217, 0.612552
	5.218356, 23.997396, -11.302621;	0.288675, -0.408248, -0.866025;	 0.000000, 1.000000
	-48.341682, 0.000000, -13.105910;	-0.368110, 0.900011, 0.233399;	 0.321774, 0.942445
	-48.341682, 0.000000, -46.663914;	-0.184055, 0.864999, -0.466797;	 0.321774, 0.780742
	-0.401690, 0.000000, -13.105910;	0.184055, 0.864999, 0.466798;	 0.065606, 0.942445
	-0.401690, 0.000000, -46.663914;	0.368110, 0.900011, -0.233399;	 0.065606, 0.780742
~Stream // 200,409,912

Index i_Tovarna
	0, 3, 8
	9, 0, 8
	12, 9, 8
	10, 13, 16
	17, 18, 20
	22, 4, 1
	23, 26, 27
	30, 23, 27
	30, 27, 32
	23, 35, 26
	35, 37, 26
	37, 27, 26
	8, 5, 39
	41, 12, 8
	39, 41, 8
	33, 43, 31
	45, 2, 11
	47, 44, 34
	49, 24, 14
	14, 19, 49
	36, 25, 50
	50, 51, 36
	15, 42, 52
	52, 21, 15
	42, 40, 53
	53, 52, 42
	40, 6, 54
	54, 53, 40
	51, 55, 38
	38, 36, 51
	28, 38, 55
	55, 56, 28
	58, 60, 29
	29, 57, 58
	63, 61, 59
	59, 66, 63
	7, 64, 67
	67, 68, 7
	65, 46, 69
	48, 69, 46
	69, 48, 62
	65, 69, 62
	70, 73, 76
	76, 78, 70
	80, 83, 74
	74, 71, 80
	86, 88, 84
	84, 81, 86
	90, 72, 79
	79, 93, 90
	95, 80, 71
	71, 91, 95
	98, 87, 82
	82, 96, 98
	100, 102, 104
	100, 104, 92
	100, 92, 94
	105, 107, 95
	95, 91, 105
	110, 112, 99
	108, 110, 99
	97, 108, 99
	75, 114, 117
	117, 77, 75
	83, 119, 115
	115, 74, 83
	89, 122, 120
	120, 85, 89
	124, 118, 116
	124, 116, 126
	124, 126, 129
	131, 133, 136
	136, 139, 131
	141, 121, 123
	144, 141, 123
	144, 123, 146
	113, 111, 103
	103, 101, 113
	145, 147, 125
	125, 130, 145
	148, 151, 153
	153, 155, 148
	127, 115, 119
	119, 142, 127
	158, 129, 126
	126, 160, 158
	162, 145, 130
	130, 159, 162
	164, 141, 144
	144, 163, 164
	161, 128, 143
	143, 165, 161
	166, 103, 111
	111, 168, 166
	170, 104, 102
	102, 167, 170
	172, 109, 106
	106, 171, 172
	169, 110, 108
	108, 173, 169
	174, 158, 160
	160, 176, 174
	178, 162, 159
	159, 175, 178
	180, 164, 163
	163, 179, 180
	177, 161, 165
	165, 181, 177
	182, 166, 168
	168, 184, 182
	186, 170, 167
	167, 183, 186
	188, 172, 171
	171, 187, 188
	185, 169, 173
	173, 189, 185
	176, 134, 132
	132, 174, 176
	139, 178, 175
	175, 131, 139
	179, 140, 137
	137, 180, 179
	135, 177, 181
	181, 138, 135
	151, 182, 184
	184, 153, 151
	183, 152, 149
	149, 186, 183
	156, 188, 187
	187, 150, 156
	189, 157, 154
	154, 185, 189
	190, 192, 193
	193, 194, 190
	196, 199, 200
	200, 201, 196
	204, 200, 199
	199, 205, 204
	206, 209, 204
	204, 205, 206
	197, 207, 205
	205, 199, 197
	210, 202, 200
	200, 204, 210
	212, 215, 217
	208, 218, 219
	219, 211, 208
	203, 211, 219
	219, 221, 203
	223, 226, 227
	227, 228, 223
	231, 227, 226
	226, 232, 231
	233, 236, 231
	231, 232, 233
	224, 234, 232
	232, 226, 224
	237, 229, 227
	227, 231, 237
	239, 242, 198
	235, 198, 203
	203, 238, 235
	221, 230, 238
	238, 203, 221
	244, 245, 246
	246, 247, 244
	243, 240, 244
	248, 243, 244
	248, 244, 247
	213, 249, 247
	247, 246, 213
	245, 251, 216
	245, 216, 214
	246, 245, 214
	241, 252, 245
	245, 244, 241
	217, 218, 250
	250, 212, 217
	235, 225, 253
	235, 253, 239
	198, 235, 239
	217, 215, 253
	253, 225, 217
	221, 217, 225
	225, 230, 221
	254, 257, 258
	258, 259, 254
	262, 258, 257
	257, 263, 262
	264, 267, 262
	262, 263, 264
	255, 265, 263
	263, 257, 255
	268, 260, 258
	258, 262, 268
	242, 250, 256
	242, 256, 261
	198, 242, 261
	198, 261, 269
	208, 198, 269
	208, 269, 270
	218, 266, 256
	256, 250, 218
	218, 270, 269
	269, 266, 218
	191, 195, 271
	274, 220, 191
	277, 274, 191
	277, 191, 271
	280, 281, 282
	282, 283, 280
	281, 284, 275
	275, 282, 281
	280, 272, 285
	285, 281, 280
	283, 278, 273
	273, 280, 283
	282, 276, 279
	279, 283, 282
	218, 208, 270
	220, 274, 286
	286, 222, 220
	287, 290, 195
	293, 287, 195
	293, 195, 222
	296, 293, 222
	296, 222, 286
	296, 286, 271
	290, 296, 271
	195, 290, 271
	299, 300, 301
	301, 302, 299
	300, 294, 297
	297, 301, 300
	299, 288, 295
	295, 300, 299
	302, 291, 289
	289, 299, 302
	301, 298, 292
	292, 302, 301
	303, 304, 305
	305, 308, 303
	310, 311, 312
	312, 314, 310
	317, 318, 304
	304, 303, 317
	319, 320, 311
	311, 310, 319
	321, 323, 318
	318, 317, 321
	326, 330, 320
	320, 319, 326
	322, 309, 331
	331, 333, 322
	327, 335, 324
	327, 324, 334
	327, 334, 338
	313, 328, 339
	339, 340, 313
	306, 342, 315
	306, 315, 341
	306, 341, 332
	336, 343, 307
	307, 325, 336
	344, 337, 329
	329, 316, 344
	345, 346, 347
	347, 348, 345
	349, 350, 351
	351, 352, 349
	353, 354, 355
	355, 356, 353
	357, 360, 363
	363, 366, 357
	369, 372, 361
	361, 358, 369
	375, 378, 373
	373, 370, 375
	367, 364, 379
	379, 376, 367
	365, 362, 374
	374, 380, 365
	377, 371, 359
	359, 368, 377
	381, 384, 387
	387, 390, 381
	393, 396, 385
	385, 382, 393
	399, 402, 397
	397, 394, 399
	391, 388, 403
	403, 400, 391
	389, 386, 398
	398, 404, 389
	401, 395, 383
	383, 392, 401
	405, 348, 347
	347, 406, 405
	407, 345, 348
	348, 405, 407
	408, 346, 345
	345, 407, 408
	406, 347, 346
	346, 408, 406
~Index

// Mat: Standard
Material m_Tovarna
	Texture = "tovarna"
~Material

Model tovarna
 streams s_Tovarna
 indices i_Tovarna
 materials m_Tovarna
~Model


