// Hoe text model file	1.00
// Gejza'x	
// "Utes_exp.max" - Mon Jul 31 22:07:26 2006

Stream s__1[xyz|normal|tex2]
	-0.308819, 8.127392, 0.411870;	0.287240, 0.949250, 0.128132;	 0.289479, 0.322452
	-6.804399, 8.289388, -10.026140;	0.167128, 0.981931, -0.088765;	 0.373988, 0.317269
	-10.006046, 8.314777, -10.025871;	0.007930, 0.999913, 0.010584;	 0.373986, 0.375024
	-10.012177, 8.195869, 1.212852;	0.041462, 0.498734, 0.865763;	 0.261041, 0.375026
	10.000000, 0.000000, 0.000000;	0.000000, 1.000000, 0.000000;	 0.188242, 0.011984
	10.000000, 0.000000, -10.000000;	0.000000, 1.000000, 0.000000;	 0.373988, 0.011984
	0.000000, 0.000000, -10.000000;	0.438947, 0.894427, -0.085590;	 0.373988, 0.164253
	2.348719, 0.000000, 2.045403;	0.264654, 0.959159, 0.099857;	 0.152088, 0.147170
	0.000000, 0.000000, 10.000000;	0.000000, 1.000000, 0.000000;	 0.012834, 0.188844
	-10.000000, 0.000000, 0.000000;	-0.039382, 0.832476, 0.552660;	 0.161719, 0.375026
	-10.000000, 0.000000, 10.000000;	0.000000, 1.000000, 0.000000;	 0.012834, 0.375026
	10.000000, 0.000000, 10.000000;	0.000000, 1.000000, 0.000000;	 0.012834, 0.011984
	0.000000, 1.943070, -10.000000;	0.991302, 0.102567, -0.082470;	 0.373988, 0.194870
	0.000000, 1.943070, 0.000000;	0.331478, 0.245510, 0.910959;	 0.205675, 0.234872
	-10.000000, 1.943070, 0.000000;	0.000000, 0.070384, 0.997520;	 0.189170, 0.375026
	0.000000, 4.354985, -10.000000;	0.945240, 0.290528, -0.148709;	 0.373988, 0.230748
	1.069927, 4.354985, 0.423679;	0.695800, -0.256162, 0.671001;	 0.235160, 0.255452
	-10.000000, 4.354985, -0.342069;	-0.044820, -0.148964, 0.987826;	 0.215433, 0.375026
	-2.607327, 6.847219, -10.000000;	0.602360, 0.767292, -0.220057;	 0.373988, 0.276921
	0.829363, 6.847219, 0.806298;	0.681360, 0.370633, 0.631174;	 0.272624, 0.292070
	-10.000000, 6.847219, 0.851886;	-0.018155, -0.282583, 0.959071;	 0.240942, 0.375026
~Stream // 21,21,72

Index i__1
	0, 1, 2
	2, 3, 0
	4, 5, 6
	6, 7, 4
	8, 7, 9
	9, 10, 8
	11, 4, 7
	7, 8, 11
	12, 13, 7
	7, 6, 12
	13, 14, 9
	9, 7, 13
	12, 15, 16
	16, 13, 12
	13, 16, 17
	17, 14, 13
	15, 18, 19
	19, 16, 15
	16, 19, 20
	20, 17, 16
	18, 1, 0
	0, 19, 18
	19, 0, 3
	3, 20, 19
~Index

Stream s__2[xyz|normal|tex2]
	-3.569942, 8.369328, -0.002274;	0.287097, 0.957811, 0.013172;	 0.516250, 0.276295
	-6.793513, 8.500480, -9.977866;	0.189865, 0.980614, -0.048462;	 0.654583, 0.310970
	-9.995160, 8.525868, -9.977598;	0.007930, 0.999913, 0.010583;	 0.654628, 0.375010
	-10.000603, 8.420322, -0.001735;	0.007930, 0.999913, 0.010584;	 0.518601, 0.375010
	10.000000, 0.000000, 0.000000;	0.000000, 1.000000, 0.000000;	 0.520537, 0.011984
	10.000000, 0.000000, -10.000000;	0.000000, 1.000000, 0.000000;	 0.654582, 0.011984
	0.000000, 0.000000, -10.000000;	0.433294, 0.894427, -0.110706;	 0.654582, 0.135399
	2.554989, 0.000000, 0.000000;	0.460434, 0.887453, -0.020659;	 0.519019, 0.124321
	-6.804399, 8.289388, 9.973860;	0.249796, 0.965978, 0.066993;	 0.373988, 0.317269
	-10.006046, 8.314777, 9.974129;	0.007930, 0.999913, 0.010583;	 0.373986, 0.375024
	10.000000, 0.000000, 10.000000;	0.000000, 1.000000, 0.000000;	 0.373988, 0.011984
	0.000000, 0.000000, 10.000000;	0.694156, 0.714256, 0.089357;	 0.373988, 0.164253
	0.000000, 1.943070, -10.000000;	0.954269, 0.290351, -0.071177;	 0.654590, 0.182571
	0.425644, 1.943070, 0.192328;	0.923833, 0.381916, 0.025926;	 0.515186, 0.172975
	0.000000, 1.943070, 10.000000;	0.999060, 0.000000, 0.043358;	 0.373988, 0.194870
	0.000000, 4.354985, -10.000000;	0.912304, 0.409390, 0.010031;	 0.654582, 0.209309
	-0.480194, 4.354985, 0.000000;	0.919042, 0.394046, 0.009463;	 0.517501, 0.201937
	0.000000, 4.354985, 10.000000;	0.925936, 0.377483, -0.012259;	 0.373988, 0.230748
	-2.607327, 6.847219, -10.000000;	0.569494, 0.818450, -0.076259;	 0.654582, 0.256814
	-1.699162, 6.847219, 0.000000;	0.704522, 0.708453, 0.041753;	 0.516421, 0.242784
	-2.607327, 6.847219, 10.000000;	0.671700, 0.740321, 0.027293;	 0.373988, 0.276921
~Stream // 21,21,72

Index i__2
	0, 1, 2
	2, 3, 0
	4, 5, 6
	6, 7, 4
	8, 0, 3
	3, 9, 8
	10, 4, 7
	7, 11, 10
	12, 13, 7
	7, 6, 12
	13, 14, 11
	11, 7, 13
	12, 15, 16
	16, 13, 12
	13, 16, 17
	17, 14, 13
	15, 18, 19
	19, 16, 15
	16, 19, 20
	20, 17, 16
	18, 1, 0
	0, 19, 18
	19, 0, 8
	8, 20, 19
~Index

Stream s__3[xyz|normal|tex2]
	3.234615, 0.000000, -3.244152;	0.086203, 0.982717, -0.163817;	 0.874514, 0.126633
	0.000000, 0.000000, -10.000000;	0.000000, 1.000000, 0.000000;	 0.991839, 0.180262
	-10.000000, 0.000000, -10.000000;	0.000000, 1.000000, 0.000000;	 0.991845, 0.375011
	-10.000000, 0.000000, -5.368080;	0.055627, 0.936353, -0.346624;	 0.924784, 0.375011
	10.000000, 0.000000, 0.000000;	0.000000, 1.000000, 0.000000;	 0.820932, 0.011985
	10.000000, 0.000000, -10.000000;	0.000000, 1.000000, 0.000000;	 0.991839, 0.011985
	-6.793513, 8.500480, 10.022135;	0.290524, 0.936940, 0.194264;	 0.654583, 0.310970
	-1.044402, 8.495975, 6.139965;	0.306549, 0.947258, -0.093431;	 0.716091, 0.287783
	-9.991074, 8.605124, 2.531409;	0.021212, 0.999525, -0.022359;	 0.735959, 0.375011
	-9.995160, 8.525868, 10.022402;	0.007930, 0.999913, 0.010583;	 0.654628, 0.375010
	10.000000, 0.000000, 10.000000;	0.000000, 1.000000, 0.000000;	 0.654582, 0.011984
	0.000000, 0.000000, 10.000000;	0.605783, 0.795575, 0.009377;	 0.654582, 0.135399
	-10.000000, 1.943070, -3.112531;	0.160043, 0.664131, -0.730285;	 0.886254, 0.375011
	-1.018758, 1.943070, -1.818471;	0.729752, 0.600041, -0.327739;	 0.850967, 0.197152
	0.000000, 1.943070, 10.000000;	0.996305, 0.000000, -0.085882;	 0.654590, 0.182571
	-10.000000, 4.354985, -2.132926;	0.328860, 0.454325, -0.827913;	 0.835287, 0.375011
	-1.839275, 4.354985, 0.939584;	0.648662, 0.572664, -0.501291;	 0.805379, 0.224746
	0.000000, 4.354985, 10.000000;	0.894212, 0.425029, -0.140483;	 0.654582, 0.209309
	-10.000000, 8.381255, 0.000000;	0.264901, 0.820276, -0.506927;	 0.775523, 0.375011
	-1.947851, 6.847219, 2.719302;	0.729126, 0.517531, -0.447814;	 0.774975, 0.265140
	-2.607327, 6.847219, 10.000000;	0.783356, 0.621545, -0.005913;	 0.654582, 0.256814
~Stream // 21,21,72

Index i__3
	0, 1, 2
	2, 3, 0
	4, 5, 1
	1, 0, 4
	6, 7, 8
	8, 9, 6
	10, 4, 0
	0, 11, 10
	12, 13, 0
	0, 3, 12
	13, 14, 11
	11, 0, 13
	12, 15, 16
	16, 13, 12
	13, 16, 17
	17, 14, 13
	15, 18, 19
	19, 16, 15
	16, 19, 20
	20, 17, 16
	18, 8, 7
	7, 19, 18
	19, 7, 6
	6, 20, 19
~Index

Stream s__4[xyz|normal|tex2]
	0.000000, 0.000000, -6.463723;	0.000924, 0.964489, -0.264120;	 0.954440, 0.510402
	0.000000, 0.000000, -10.000000;	0.000000, 1.000000, 0.000000;	 0.991850, 0.510402
	-10.000000, 0.000000, -10.000000;	0.000000, 1.000000, 0.000000;	 0.991846, 0.655311
	-10.000000, 0.000000, -5.368080;	-0.038064, 0.936939, -0.347415;	 0.933871, 0.655311
	10.000000, 0.000000, -5.368080;	0.001103, 0.958535, -0.284972;	 0.924784, 0.375011
	10.000000, 0.000000, -10.000000;	0.000000, 1.000000, 0.000000;	 0.991845, 0.375011
	0.005468, 8.605163, 10.023241;	0.007930, 0.999913, 0.010584;	 0.654629, 0.511866
	0.010911, 8.710709, 0.047374;	0.030984, 0.953238, -0.300628;	 0.789195, 0.507779
	-9.989816, 8.763713, 2.533088;	-0.005336, 0.999071, -0.042771;	 0.745133, 0.655311
	-9.993902, 8.684458, 10.024080;	0.007930, 0.999913, 0.010584;	 0.654629, 0.655313
	10.004840, 8.525868, 10.022402;	0.007930, 0.999913, 0.010584;	 0.654628, 0.375010
	10.008926, 8.605124, 2.531409;	0.023686, 0.951864, -0.305603;	 0.735959, 0.375011
	-10.000000, 1.943070, -3.112531;	0.039774, 0.721066, -0.691724;	 0.883803, 0.655311
	0.000000, 1.943070, -2.446256;	-0.024522, 0.761332, -0.647898;	 0.895769, 0.509618
	10.000000, 1.943070, -3.112531;	-0.054037, 0.582506, -0.811028;	 0.886254, 0.375011
	-10.000000, 4.354985, -2.132926;	0.068664, 0.237850, -0.968872;	 0.847801, 0.655311
	0.000000, 3.302290, -0.907197;	0.028075, 0.369240, -0.928910;	 0.872196, 0.508834
	10.000000, 4.354985, -2.132926;	-0.127684, 0.536887, -0.833936;	 0.835287, 0.375011
	-10.000000, 8.381255, 0.000000;	-0.038812, 0.755750, -0.653709;	 0.790209, 0.655311
	0.000000, 6.847219, -1.473103;	0.049857, 0.472246, -0.880056;	 0.817194, 0.507978
	10.000000, 8.381255, 0.000000;	-0.054504, 0.555277, -0.829877;	 0.775523, 0.375011
~Stream // 21,21,72

Index i__4
	0, 1, 2
	2, 3, 0
	4, 5, 1
	1, 0, 4
	6, 7, 8
	8, 9, 6
	10, 11, 7
	7, 6, 10
	12, 13, 0
	0, 3, 12
	13, 14, 4
	4, 0, 13
	12, 15, 16
	16, 13, 12
	13, 16, 17
	17, 14, 13
	15, 18, 19
	19, 16, 15
	16, 19, 20
	20, 17, 16
	18, 8, 7
	7, 19, 18
	19, 7, 11
	11, 20, 19
~Index

Stream s__5[xyz|normal|tex2]
	0.000000, 0.000000, 0.000000;	-0.285301, 0.940839, -0.182827;	 0.855467, 0.854656
	0.000000, 0.000000, -10.000000;	0.000000, 1.000000, 0.000000;	 0.991842, 0.854656
	-10.000000, 0.000000, -10.000000;	0.000000, 1.000000, 0.000000;	 0.991842, 0.988932
	-10.000000, 0.000000, 0.000000;	0.000000, 1.000000, 0.000000;	 0.855467, 0.988932
	10.000000, 0.000000, -5.368080;	-0.177727, 0.930386, -0.320615;	 0.933871, 0.655311
	10.000000, 0.000000, -10.000000;	0.000000, 1.000000, 0.000000;	 0.991846, 0.655311
	-2.830617, 0.000000, 10.000000;	-0.386473, 0.915790, -0.109396;	 0.654652, 0.904549
	-10.000000, 0.000000, 10.000000;	0.000000, 1.000000, 0.000000;	 0.654652, 0.988922
	10.006098, 8.684458, 10.024080;	0.007930, 0.999913, 0.010584;	 0.654629, 0.655313
	10.010184, 8.763713, 2.533088;	-0.202681, 0.925481, -0.320008;	 0.745133, 0.655311
	4.213443, 8.790666, 4.330158;	-0.375436, 0.872267, -0.313366;	 0.687513, 0.723662
	1.569376, 8.751360, 10.024788;	-0.402056, 0.897651, -0.180482;	 0.654652, 0.770311
	2.487563, 1.943070, 1.176949;	-0.548078, 0.524022, -0.651929;	 0.839615, 0.821024
	10.000000, 1.943070, -3.112531;	-0.418987, 0.534782, -0.733798;	 0.883803, 0.655311
	-2.369208, 1.943070, 10.000000;	-0.870424, 0.313042, -0.379956;	 0.654652, 0.879167
	1.203800, 3.519529, 2.846828;	-0.699519, 0.268263, -0.662350;	 0.744925, 0.784609
	10.000000, 4.354985, -2.132926;	-0.474470, 0.390663, -0.788835;	 0.847801, 0.655311
	-1.536088, 4.354985, 10.000000;	-0.838955, 0.408825, -0.359188;	 0.654652, 0.841631
	2.636061, 6.120536, 2.623839;	-0.607451, 0.595936, -0.525227;	 0.727651, 0.749474
	10.000000, 8.381255, 0.000000;	-0.448767, 0.557142, -0.698714;	 0.790209, 0.655311
	0.000000, 6.847219, 10.000000;	-0.749045, 0.575030, -0.329049;	 0.654652, 0.802626
~Stream // 21,21,72

Index i__5
	0, 1, 2
	2, 3, 0
	4, 5, 1
	1, 0, 4
	6, 0, 3
	3, 7, 6
	8, 9, 10
	10, 11, 8
	12, 13, 4
	4, 0, 12
	14, 12, 0
	0, 6, 14
	12, 15, 16
	16, 13, 12
	14, 17, 15
	15, 12, 14
	15, 18, 19
	19, 16, 15
	17, 20, 18
	18, 15, 17
	18, 10, 9
	9, 19, 18
	20, 11, 10
	10, 18, 20
~Index

Stream s__6[xyz|normal|tex2]
	-4.195676, 0.000000, 0.000000;	-0.312171, 0.950006, -0.006102;	 0.522804, 0.929138
	-2.830617, 0.000000, -10.000000;	-0.508884, 0.854837, 0.101447;	 0.654652, 0.904549
	-10.000000, 0.000000, -10.000000;	0.000000, 1.000000, 0.000000;	 0.654652, 0.988922
	-10.000000, 0.000000, 0.000000;	0.000000, 1.000000, 0.000000;	 0.522804, 0.988911
	10.000655, 8.578912, -0.000056;	0.007930, 0.999913, 0.010584;	 0.515752, 0.655313
	10.006098, 8.684458, -9.975920;	0.007930, 0.999913, 0.010584;	 0.654629, 0.655313
	1.569376, 8.751360, -9.975211;	-0.286532, 0.958071, 0.000377;	 0.654652, 0.770311
	3.889753, 8.627371, 0.000457;	-0.234732, 0.972060, -0.000401;	 0.518213, 0.739721
	-2.830617, 0.000000, 10.000000;	-0.396527, 0.916426, 0.054128;	 0.373987, 0.912198
	-10.000000, 0.000000, 10.000000;	0.000000, 1.000000, 0.000000;	 0.373987, 0.988925
	9.995213, 8.473366, 9.975807;	0.007930, 0.999913, 0.010584;	 0.373986, 0.655313
	1.558491, 8.540269, 9.976515;	-0.394672, 0.914952, -0.084241;	 0.373987, 0.735374
	-2.369208, 1.943070, 10.000000;	-0.948498, 0.299003, -0.104636;	 0.373987, 0.883549
	0.911345, 1.943070, 0.000000;	-0.950524, 0.305585, 0.055881;	 0.521602, 0.870809
	-2.369208, 1.943070, -10.000000;	-0.915874, 0.266273, 0.300457;	 0.654652, 0.879167
	-1.536088, 4.354985, 10.000000;	-0.980074, 0.197494, -0.021232;	 0.373987, 0.838882
	-0.607085, 4.354985, 0.000000;	-0.986502, -0.144583, -0.076868;	 0.520400, 0.838080
	-1.536088, 4.354985, -9.999999;	-0.978595, 0.114551, 0.170968;	 0.654652, 0.841631
	0.000000, 6.847219, 10.000000;	-0.663372, 0.748288, -0.001198;	 0.373987, 0.789972
	-1.378415, 6.847219, 0.000000;	-0.860356, 0.509437, -0.016190;	 0.520243, 0.802008
	0.000000, 6.847219, -10.000000;	-0.946072, 0.318701, -0.058111;	 0.654652, 0.802626
~Stream // 21,21,72

Index i__6
	0, 1, 2
	2, 3, 0
	4, 5, 6
	6, 7, 4
	8, 0, 3
	3, 9, 8
	10, 4, 7
	7, 11, 10
	12, 13, 0
	0, 8, 12
	13, 14, 1
	1, 0, 13
	12, 15, 16
	16, 13, 12
	13, 16, 17
	17, 14, 13
	15, 18, 19
	19, 16, 15
	16, 19, 20
	20, 17, 16
	18, 11, 7
	7, 19, 18
	19, 7, 6
	6, 20, 19
~Index

Stream s__7[xyz|normal|tex2]
	-2.002497, 0.000000, 2.309041;	-0.086092, 0.954858, 0.284315;	 0.132443, 0.862029
	-2.830617, 0.000000, -10.000000;	-0.694594, 0.714885, 0.080493;	 0.373987, 0.912198
	-10.000000, 0.000000, -10.000000;	0.000000, 1.000000, 0.000000;	 0.373987, 0.988925
	-10.000000, 0.000000, 0.000000;	0.000000, 1.000000, 0.000000;	 0.169747, 0.988940
	9.989081, 8.354458, 1.214533;	-0.207212, 0.874884, 0.437768;	 0.259610, 0.655310
	9.995213, 8.473366, -10.024193;	0.007930, 0.999913, 0.010584;	 0.373986, 0.655313
	1.558491, 8.540269, -10.023484;	-0.364566, 0.930291, 0.040634;	 0.373987, 0.735374
	2.375075, 8.455120, -2.590637;	-0.381628, 0.770532, 0.510530;	 0.332211, 0.731930
	0.000000, 0.000000, 10.000000;	0.000000, 1.000000, 0.000000;	 0.012834, 0.829553
	-10.000000, 0.000000, 10.000000;	0.000000, 1.000000, 0.000000;	 0.012834, 0.988940
	10.000000, 0.000000, 10.000000;	0.000000, 1.000000, 0.000000;	 0.012834, 0.655310
	10.000000, 0.000000, 0.000000;	0.133584, 0.707107, 0.694374;	 0.138045, 0.655310
	10.000000, 1.943070, 0.000000;	0.090605, 0.263139, 0.960494;	 0.172662, 0.655310
	-0.680618, 1.943070, 0.784116;	-0.734414, 0.488318, 0.471362;	 0.190602, 0.834556
	-2.369208, 1.943070, -10.000000;	-0.949581, 0.276022, 0.148687;	 0.373987, 0.883549
	10.000000, 4.354985, -0.342069;	-0.030047, -0.002969, 0.999544;	 0.204542, 0.655310
	0.000000, 4.354985, 0.000000;	-0.574484, 0.398686, 0.714855;	 0.242505, 0.804798
	-1.536088, 4.354985, -10.000000;	-0.911163, 0.387209, 0.140894;	 0.373987, 0.838882
	10.000000, 6.847219, 0.851886;	-0.281032, 0.062986, 0.957629;	 0.231838, 0.655310
	0.644059, 6.847219, -0.744421;	-0.583633, 0.540949, 0.605596;	 0.291814, 0.771057
	0.000000, 6.847219, -10.000000;	-0.863078, 0.498009, 0.084162;	 0.373987, 0.789972
~Stream // 21,21,72

Index i__7
	0, 1, 2
	2, 3, 0
	4, 5, 6
	6, 7, 4
	8, 0, 3
	3, 9, 8
	10, 11, 0
	0, 8, 10
	12, 13, 0
	0, 11, 12
	13, 14, 1
	1, 0, 13
	12, 15, 16
	16, 13, 12
	13, 16, 17
	17, 14, 13
	15, 18, 19
	19, 16, 15
	16, 19, 20
	20, 17, 16
	18, 4, 7
	7, 19, 18
	19, 7, 6
	6, 20, 19
~Index

Stream s__8[xyz|normal|tex2]
	-0.009168, 8.321288, -3.145828;	-0.046785, 0.911083, 0.409560;	 0.265322, 0.517263
	-0.005416, 8.394071, -10.025032;	0.007930, 0.999913, 0.010584;	 0.373986, 0.520874
	-10.004787, 8.473366, -10.024193;	0.007930, 0.999913, 0.010584;	 0.373986, 0.655313
	-10.010919, 8.354458, 1.214533;	0.181759, 0.716069, 0.673950;	 0.259610, 0.655310
	9.987823, 8.195869, 1.212852;	-0.185877, 0.872728, 0.451437;	 0.261041, 0.375026
	9.993954, 8.314777, -10.025871;	0.007930, 0.999913, 0.010584;	 0.373986, 0.375024
	0.000000, 0.000000, 10.000000;	0.000000, 1.000000, 0.000000;	 0.012834, 0.521075
	0.000000, 0.000000, 2.466941;	0.035423, 0.805847, 0.591063;	 0.121996, 0.522109
	-10.000000, 0.000000, 0.000000;	-0.124393, 0.779287, 0.614197;	 0.138045, 0.655310
	-10.000000, 0.000000, 10.000000;	0.000000, 1.000000, 0.000000;	 0.012834, 0.655310
	10.000000, 0.000000, 10.000000;	0.000000, 1.000000, 0.000000;	 0.012834, 0.375026
	10.000000, 0.000000, 0.000000;	0.169362, 0.707107, 0.686525;	 0.161719, 0.375026
	10.000000, 1.943070, 0.000000;	0.162347, 0.224863, 0.960770;	 0.189170, 0.375026
	0.000000, 1.943070, 1.624892;	-0.057933, 0.277881, 0.958867;	 0.167181, 0.521370
	-10.000000, 1.943070, 0.000000;	-0.159998, 0.069486, 0.984669;	 0.172662, 0.655310
	10.000000, 4.354985, -0.342069;	0.014305, 0.087850, 0.996031;	 0.215433, 0.375026
	0.000000, 4.354985, 0.702102;	0.052183, 0.261359, 0.963830;	 0.193526, 0.519427
	-10.000000, 4.354985, -0.342069;	-0.123666, 0.022685, 0.992065;	 0.204542, 0.655310
	10.000000, 6.847219, 0.851886;	-0.263204, 0.070157, 0.962186;	 0.240942, 0.375026
	0.000000, 6.847219, -0.853236;	0.075816, 0.406030, 0.910709;	 0.222014, 0.516151
	-10.000000, 6.847219, 0.851886;	0.078636, -0.050142, 0.995641;	 0.231838, 0.655310
~Stream // 21,21,72

Index i__8
	0, 1, 2
	2, 3, 0
	4, 5, 1
	1, 0, 4
	6, 7, 8
	8, 9, 6
	10, 11, 7
	7, 6, 10
	12, 13, 7
	7, 11, 12
	13, 14, 8
	8, 7, 13
	12, 15, 16
	16, 13, 12
	13, 16, 17
	17, 14, 13
	15, 18, 19
	19, 16, 15
	16, 19, 20
	20, 17, 16
	18, 4, 0
	0, 19, 18
	19, 0, 3
	3, 20, 19
~Index

Model m1
 streams s__1
 indices i__1
~Model

Model m2
 streams s__2
 indices i__2
~Model

Model m3
 streams s__3
 indices i__3
~Model

Model m4
 streams s__4
 indices i__4
~Model

Model m5
 streams s__5
 indices i__5
~Model

Model m6
 streams s__6
 indices i__6
~Model

Model m7
 streams s__7
 indices i__7
~Model

Model m0
 streams s__8
 indices i__8
~Model
